10,27593.3
10.01,27600
10.02,27620
10.03,28323.3
10.04,28016.7
10.05,28653.3
10.06,28140
10.07,28083.3
10.08,28180
10.09,28053.3
10.1,27836.7
10.11,28316.7
10.12,28246.7
10.13,28343.3
10.14,28413.3
10.15,28793.3
10.16,28890
10.17,28630
10.18,29076.7
10.19,28816.7
10.2,28613.3
10.21,29373.3
10.22,28596.7
10.23,29186.7
10.24,29473.3
10.25,29016.7
10.26,28903.3
10.27,29003.3
10.28,28946.7
10.29,28896.7
10.3,29533.3
10.31,28993.3
10.32,29276.7
10.33,28710
10.34,29160
10.35,29513.3
10.36,29733.3
10.37,29496.7
10.38,29353.3
10.39,29470
10.4,29636.7
10.41,29310
10.42,29040
10.43,29196.7
10.44,29283.3
10.45,29920
10.46,29566.7
10.47,30316.7
10.48,30036.7
10.49,30496.7
10.5,30443.3
10.51,30060
10.52,29703.3
10.53,29603.3
10.54,29913.3
10.55,30426.7
10.56,30816.7
10.57,30546.7
10.58,30186.7
10.59,30896.7
10.6,30420
10.61,30456.7
10.62,30640
10.63,30943.3
10.64,30413.3
10.65,30616.7
10.66,30810
10.67,30670
10.68,31066.7
10.69,31070
10.7,31216.7
10.71,31296.7
10.72,31273.3
10.73,31000
10.74,30946.7
10.75,30926.7
10.76,31126.7
10.77,30983.3
10.78,31170
10.79,31410
10.8,31053.3
10.81,30883.3
10.82,30966.7
10.83,30810
10.84,30933.3
10.85,30953.3
10.86,30830
10.87,31136.7
10.88,31090
10.89,31183.3
10.9,31480
10.91,31056.7
10.92,31593.3
10.93,31703.3
10.94,31470
10.95,31130
10.96,31843.3
10.97,31100
10.98,31486.7
10.99,31720
11,31756.7
11.01,31143.3
11.02,31643.3
11.03,31233.3
11.04,31523.3
11.05,32123.3
11.06,31530
11.07,31893.3
11.08,31700
11.09,31590
11.1,32166.7
11.11,32333.3
11.12,32060
11.13,31600
11.14,32073.3
11.15,32040
11.16,31646.7
11.17,31973.3
11.18,32090
11.19,32010
11.2,31810
11.21,32193.3
11.22,31570
11.23,32103.3
11.24,31823.3
11.25,32020
11.26,32646.7
11.27,32046.7
11.28,32680
11.29,31770
11.3,32510
11.31,32013.3
11.32,32563.3
11.33,32726.7
11.34,32640
11.35,32740
11.36,32613.3
11.37,32256.7
11.38,33083.3
11.39,33266.7
11.4,32990
11.41,32830
11.42,33086.7
11.43,33113.3
11.44,32660
11.45,32980
11.46,33403.3
11.47,32520
11.48,33396.7
11.49,33143.3
11.5,33676.7
11.51,32803.3
11.52,33213.3
11.53,33583.3
11.54,32716.7
11.55,33233.3
11.56,32870
11.57,32970
11.58,33766.7
11.59,33230
11.6,32876.7
11.61,33440
11.62,33383.3
11.63,33430
11.64,33296.7
11.65,33440
11.66,32986.7
11.67,33076.7
11.68,33290
11.69,33243.3
11.7,33010
11.71,33393.3
11.72,33926.7
11.73,34293.3
11.74,33833.3
11.75,33663.3
11.76,33760
11.77,33023.3
11.78,33393.3
11.79,33550
11.8,33510
11.81,33293.3
11.82,33420
11.83,33676.7
11.84,33126.7
11.85,32843.3
11.86,33620
11.87,33533.3
11.88,33216.7
11.89,33103.3
11.9,33166.7
11.91,33536.7
11.92,33353.3
11.93,33403.3
11.94,32956.7
11.95,33333.3
11.96,33320
11.97,33540
11.98,33570
11.99,33306.7
12,33103.3
12.01,33190
12.02,33943.3
12.03,33663.3
12.04,34296.7
12.05,34350
12.06,34060
12.07,34336.7
12.08,34783.3
12.09,34353.3
12.1,34633.3
12.11,34183.3
12.12,33773.3
12.13,34403.3
12.14,34053.3
12.15,34553.3
12.16,34490
12.17,34086.7
12.18,34016.7
12.19,34050
12.2,33770
12.21,33630
12.22,33920
12.23,33740
12.24,33626.7
12.25,33626.7
12.26,33796.7
12.27,34096.7
12.28,33986.7
12.29,33906.7
12.3,33650
12.31,33353.3
12.32,34343.3
12.33,33256.7
12.34,34533.3
12.35,33746.7
12.36,34023.3
12.37,33810
12.38,33656.7
12.39,34120
12.4,33920
12.41,33673.3
12.42,33456.7
12.43,33343.3
12.44,33746.7
12.45,34083.3
12.46,33953.3
12.47,33706.7
12.48,34083.3
12.49,34110
12.5,34156.7
12.51,34626.7
12.52,33870
12.53,33426.7
12.54,33780
12.55,34180
12.56,33990
12.57,33693.3
12.58,34186.7
12.59,33926.7
12.6,33986.7
12.61,33683.3
12.62,34050
12.63,34453.3
12.64,34270
12.65,34063.3
12.66,34406.7
12.67,34386.7
12.68,34480
12.69,33806.7
12.7,34056.7
12.71,34226.7
12.72,34223.3
12.73,34173.3
12.74,34436.7
12.75,34306.7
12.76,34636.7
12.77,35006.7
12.78,34823.3
12.79,34043.3
12.8,34676.7
12.81,34443.3
12.82,34816.7
12.83,34760
12.84,34406.7
12.85,34500
12.86,34880
12.87,35236.7
12.88,34310
12.89,35103.3
12.9,34883.3
12.91,34760
12.92,34483.3
12.93,34340
12.94,34850
12.95,34840
12.96,34960
12.97,35210
12.98,34336.7
12.99,34466.7
13,34216.7
13.01,34873.3
13.02,34993.3
13.03,35170
13.04,34780
13.05,35270
13.06,34266.7
13.07,34950
13.08,34703.3
13.09,34890
13.1,34823.3
13.11,36066.7
13.12,34913.3
13.13,34746.7
13.14,35310
13.15,35350
13.16,35063.3
13.17,35450
13.18,34956.7
13.19,35420
13.2,35976.7
13.21,34726.7
13.22,35456.7
13.23,35920
13.24,36206.7
13.25,36016.7
13.26,36203.3
13.27,35630
13.28,36110
13.29,35360
13.3,35870
13.31,36373.3
13.32,36206.7
13.33,35710
13.34,35646.7
13.35,35596.7
13.36,35856.7
13.37,36090
13.38,36210
13.39,36363.3
13.4,36556.7
13.41,36413.3
13.42,35510
13.43,36306.7
13.44,36573.3
13.45,36683.3
13.46,37406.7
13.47,36353.3
13.48,36780
13.49,37416.7
13.5,37950
13.51,38186.7
13.52,38643.3
13.53,38626.7
13.54,38910
13.55,39876.7
13.56,39853.3
13.57,40506.7
13.58,41156.7
13.59,41726.7
13.6,41403.3
13.61,42350
13.62,43140
13.63,43193.3
13.64,42753.3
13.65,43123.3
13.66,42653.3
13.67,42326.7
13.68,42316.7
13.69,41670
13.7,41096.7
13.71,40580
13.72,39996.7
13.73,39160
13.74,39146.7
13.75,39230
13.76,38863.3
13.77,38303.3
13.78,38210
13.79,38360
13.8,37556.7
13.81,37386.7
13.82,36933.3
13.83,36280
13.84,36213.3
13.85,36083.3
13.86,36186.7
13.87,35686.7
13.88,35583.3
13.89,35530
13.9,36290
13.91,35970
13.92,36200
13.93,35490
13.94,36303.3
13.95,36390
13.96,36316.7
13.97,36166.7
13.98,36443.3
13.99,36606.7
14,36416.7
14.01,36740
14.02,35790
14.03,36496.7
14.04,36143.3
14.05,35980
14.06,36023.3
14.07,35546.7
14.08,35820
14.09,35790
14.1,35523.3
14.11,35296.7
14.12,35166.7
14.13,35253.3
14.14,35290
14.15,35016.7
14.16,35660
14.17,35616.7
14.18,35126.7
14.19,35330
14.2,34986.7
14.21,34953.3
14.22,35386.7
14.23,36093.3
14.24,35656.7
14.25,35240
14.26,34840
14.27,34483.3
14.28,34696.7
14.29,34833.3
14.3,34676.7
14.31,34840
14.32,35623.3
14.33,35060
14.34,34480
14.35,34956.7
14.36,34206.7
14.37,34230
14.38,34740
14.39,34623.3
14.4,34773.3
14.41,34733.3
14.42,35500
14.43,34986.7
14.44,34956.7
14.45,34746.7
14.46,34563.3
14.47,34240
14.48,34736.7
14.49,34763.3
14.5,34886.7
14.51,34413.3
14.52,34716.7
14.53,34770
14.54,35110
14.55,34796.7
14.56,34683.3
14.57,34690
14.58,33913.3
14.59,34353.3
14.6,34870
14.61,35083.3
14.62,34026.7
14.63,34630
14.64,34620
14.65,34813.3
14.66,34063.3
14.67,34023.3
14.68,34300
14.69,34153.3
14.7,34036.7
14.71,34060
14.72,34176.7
14.73,33570
14.74,33780
14.75,33580
14.76,34156.7
14.77,34393.3
14.78,34200
14.79,33863.3
14.8,34353.3
14.81,34110
14.82,34193.3
14.83,34326.7
14.84,33896.7
14.85,34156.7
14.86,33990
14.87,34206.7
14.88,34176.7
14.89,33826.7
14.9,33506.7
14.91,33846.7
14.92,33703.3
14.93,34236.7
14.94,34510
14.95,34180
14.96,34266.7
14.97,33733.3
14.98,34336.7
14.99,34313.3
15,34000
15.01,33516.7
15.02,33923.3
15.03,33946.7
15.04,33766.7
15.05,33466.7
15.06,33613.3
15.07,33270
15.08,33860
15.09,33910
15.1,34200
15.11,33460
15.12,34116.7
15.13,33500
15.14,33793.3
15.15,33923.3
15.16,34013.3
15.17,33376.7
15.18,33786.7
15.19,33940
15.2,33333.3
15.21,33176.7
15.22,33060
15.23,33483.3
15.24,33496.7
15.25,33866.7
15.26,33176.7
15.27,33496.7
15.28,33423.3
15.29,33253.3
15.3,33480
15.31,33530
15.32,33910
15.33,33643.3
15.34,33086.7
15.35,33543.3
15.36,33483.3
15.37,32833.3
15.38,33910
15.39,33036.7
15.4,33310
15.41,33153.3
15.42,32820
15.43,33100
15.44,32786.7
15.45,33873.3
15.46,32710
15.47,33513.3
15.48,33093.3
15.49,33190
15.5,33253.3
15.51,33190
15.52,33296.7
15.53,33456.7
15.54,33056.7
15.55,33096.7
15.56,32916.7
15.57,33410
15.58,33313.3
15.59,33580
15.6,33243.3
15.61,33763.3
15.62,33733.3
15.63,33763.3
15.64,34020
15.65,34006.7
15.66,34640
15.67,34543.3
15.68,34840
15.69,34920
15.7,35826.7
15.71,35186.7
15.72,35863.3
15.73,35623.3
15.74,36430
15.75,36186.7
15.76,36620
15.77,36016.7
15.78,36340
15.79,35443.3
15.8,35483.3
15.81,35543.3
15.82,35380
15.83,35243.3
15.84,35073.3
15.85,34846.7
15.86,34336.7
15.87,34660
15.88,34143.3
15.89,34390
15.9,34490
15.91,34190
15.92,33446.7
15.93,32936.7
15.94,32693.3
15.95,32520
15.96,32310
15.97,32190
15.98,31950
15.99,31590
16,31746.7
16.01,31346.7
16.02,31983.3
16.03,30920
16.04,31773.3
16.05,31110
16.06,31070
16.07,30960
16.08,31423.3
16.09,31340
16.1,31200
16.11,31490
16.12,30910
16.13,31203.3
16.14,31280
16.15,31160
16.16,30653.3
16.17,31200
16.18,30050
16.19,30683.3
16.2,30923.3
16.21,30566.7
16.22,30800
16.23,30426.7
16.24,30410
16.25,30773.3
16.26,30153.3
16.27,30660
16.28,30586.7
16.29,30123.3
16.3,30613.3
16.31,30003.3
16.32,29993.3
16.33,30040
16.34,29623.3
16.35,29666.7
16.36,29716.7
16.37,29743.3
16.38,29790
16.39,30376.7
16.4,29710
16.41,29553.3
16.42,30166.7
16.43,29423.3
16.44,29556.7
16.45,29336.7
16.46,29373.3
16.47,29266.7
16.48,29070
16.49,29586.7
16.5,29696.7
16.51,29790
16.52,29490
16.53,29496.7
16.54,29806.7
16.55,29423.3
16.56,29636.7
16.57,28973.3
16.58,29050
16.59,29026.7
16.6,29230
16.61,28780
16.62,28836.7
16.63,28996.7
16.64,29060
16.65,28860
16.66,28796.7
16.67,28130
16.68,28573.3
16.69,28470
16.7,28943.3
16.71,28770
16.72,28986.7
16.73,28886.7
16.74,28790
16.75,28806.7
16.76,28496.7
16.77,28696.7
16.78,28810
16.79,28130
16.8,28960
16.81,28476.7
16.82,28483.3
16.83,28990
16.84,28860
16.85,28500
16.86,28196.7
16.87,28020
16.88,28333.3
16.89,27783.3
16.9,28660
16.91,28546.7
16.92,28160
16.93,28276.7
16.94,28270
16.95,28036.7
16.96,28343.3
16.97,28090
16.98,28383.3
16.99,28176.7
17,27970
17.01,27823.3
17.02,28016.7
17.03,27806.7
17.04,28863.3
17.05,27613.3
17.06,28006.7
17.07,28180
17.08,27660
17.09,28063.3
17.1,28100
17.11,27296.7
17.12,27710
17.13,27850
17.14,27326.7
17.15,27236.7
17.16,27496.7
17.17,27463.3
17.18,27296.7
17.19,27730
17.2,27310
17.21,28060
17.22,27310
17.23,27846.7
17.24,27616.7
17.25,26973.3
17.26,27573.3
17.27,27623.3
17.28,27740
17.29,27663.3
17.3,27826.7
17.31,27780
17.32,28070
17.33,27513.3
17.34,28160
17.35,27496.7
17.36,27816.7
17.37,28333.3
17.38,28123.3
17.39,28173.3
17.4,28510
17.41,27746.7
17.42,27760
17.43,27613.3
17.44,27753.3
17.45,27613.3
17.46,27416.7
17.47,26756.7
17.48,27053.3
17.49,27160
17.5,26923.3
17.51,26880
17.52,26740
17.53,26476.7
17.54,26453.3
17.55,26036.7
17.56,26353.3
17.57,26490
17.58,26056.7
17.59,26140
17.6,25923.3
17.61,26193.3
17.62,25943.3
17.63,25846.7
17.64,25806.7
17.65,25760
17.66,25810
17.67,25930
17.68,26080
17.69,25620
17.7,25170
17.71,25516.7
17.72,25500
17.73,25553.3
17.74,25946.7
17.75,25536.7
17.76,25700
17.77,25600
17.78,25583.3
17.79,25680
17.8,25673.3
17.81,25106.7
17.82,25373.3
17.83,24980
17.84,25376.7
17.85,25016.7
17.86,24806.7
17.87,24836.7
17.88,24740
17.89,24866.7
17.9,24383.3
17.91,25026.7
17.92,25163.3
17.93,24766.7
17.94,25336.7
17.95,24563.3
17.96,24906.7
17.97,24336.7
17.98,24356.7
17.99,24686.7
18,24596.7
18.01,24416.7
18.02,24180
18.03,24606.7
18.04,24980
18.05,24416.7
18.06,24336.7
18.07,25070
18.08,24276.7
18.09,25170
18.1,23980
18.11,24483.3
18.12,24536.7
18.13,24073.3
18.14,24706.7
18.15,24090
18.16,24080
18.17,24456.7
18.18,24033.3
18.19,24266.7
18.2,24070
18.21,24146.7
18.22,24166.7
18.23,24390
18.24,24106.7
18.25,23886.7
18.26,23890
18.27,23606.7
18.28,23336.7
18.29,23406.7
18.3,23440
18.31,23620
18.32,24060
18.33,23900
18.34,23580
18.35,23030
18.36,23683.3
18.37,23706.7
18.38,23340
18.39,23540
18.4,23420
18.41,23190
18.42,23556.7
18.43,23083.3
18.44,23193.3
18.45,23466.7
18.46,23296.7
18.47,23316.7
18.48,23313.3
18.49,23286.7
18.5,23070
18.51,23106.7
18.52,23386.7
18.53,23003.3
18.54,23166.7
18.55,22756.7
18.56,23206.7
18.57,23213.3
18.58,23170
18.59,23116.7
18.6,22886.7
18.61,22493.3
18.62,22766.7
18.63,22786.7
18.64,23043.3
18.65,22620
18.66,22933.3
18.67,22713.3
18.68,22846.7
18.69,22860
18.7,22883.3
18.71,22666.7
18.72,22406.7
18.73,22980
18.74,23020
18.75,22556.7
18.76,22770
18.77,22110
18.78,21886.7
18.79,22063.3
18.8,23113.3
18.81,22493.3
18.82,22730
18.83,22470
18.84,22156.7
18.85,22766.7
18.86,22743.3
18.87,22523.3
18.88,22490
18.89,22810
18.9,22350
18.91,22650
18.92,22196.7
18.93,22130
18.94,21970
18.95,22150
18.96,22313.3
18.97,21963.3
18.98,22350
18.99,22103.3
19,21983.3
19.01,22373.3
19.02,22216.7
19.03,22093.3
19.04,22403.3
19.05,22156.7
19.06,22400
19.07,21953.3
19.08,22776.7
19.09,21833.3
19.1,22116.7
19.11,21766.7
19.12,22006.7
19.13,22116.7
19.14,21946.7
19.15,22003.3
19.16,22213.3
19.17,21436.7
19.18,21983.3
19.19,22036.7
19.2,22276.7
19.21,22010
19.22,22566.7
19.23,21973.3
19.24,21903.3
19.25,21793.3
19.26,21513.3
19.27,21846.7
19.28,21786.7
19.29,21460
19.3,21796.7
19.31,21983.3
19.32,21356.7
19.33,21493.3
19.34,21190
19.35,21656.7
19.36,21150
19.37,21226.7
19.38,21653.3
19.39,21553.3
19.4,21986.7
19.41,21693.3
19.42,21496.7
19.43,21663.3
19.44,21820
19.45,21783.3
19.46,21220
19.47,21626.7
19.48,21193.3
19.49,21753.3
19.5,21273.3
19.51,21206.7
19.52,20723.3
19.53,21063.3
19.54,21473.3
19.55,20996.7
19.56,20996.7
19.57,21476.7
19.58,21500
19.59,21310
19.6,21606.7
19.61,21206.7
19.62,21510
19.63,21323.3
19.64,21520
19.65,21103.3
19.66,21246.7
19.67,20903.3
19.68,20780
19.69,21433.3
19.7,21436.7
19.71,21530
19.72,20826.7
19.73,21063.3
19.74,21086.7
19.75,20960
19.76,21180
19.77,21006.7
19.78,20936.7
19.79,20680
19.8,20380
19.81,20903.3
19.82,20956.7
19.83,20893.3
19.84,20880
19.85,20826.7
19.86,20910
19.87,20983.3
19.88,20823.3
19.89,20960
19.9,20973.3
19.91,21070
19.92,21390
19.93,21123.3
19.94,21136.7
19.95,21183.3
19.96,21083.3
19.97,21250
19.98,21303.3
19.99,21033.3
20,21433.3
20.01,20716.7
20.02,21006.7
20.03,21006.7
20.04,20853.3
20.05,21023.3
20.06,21030
20.07,21113.3
20.08,21106.7
20.09,21120
20.1,21116.7
20.11,21343.3
20.12,21250
20.13,21573.3
20.14,20823.3
20.15,21253.3
20.16,21256.7
20.17,21023.3
20.18,21190
20.19,20810
20.2,21173.3
20.21,20730
20.22,20920
20.23,20536.7
20.24,20990
20.25,20926.7
20.26,20876.7
20.27,20870
20.28,20976.7
20.29,20860
20.3,21016.7
20.31,21033.3
20.32,21050
20.33,20330
20.34,20796.7
20.35,21033.3
20.36,21040
20.37,20423.3
20.38,20253.3
20.39,20600
20.4,20626.7
20.41,20996.7
20.42,20880
20.43,21000
20.44,20820
20.45,20916.7
20.46,20756.7
20.47,20873.3
20.48,21010
20.49,20993.3
20.5,20970
20.51,20943.3
20.52,20850
20.53,20763.3
20.54,21103.3
20.55,21026.7
20.56,20573.3
20.57,20670
20.58,20570
20.59,20450
20.6,20446.7
20.61,20586.7
20.62,20676.7
20.63,20373.3
20.64,20486.7
20.65,20333.3
20.66,20540
20.67,20856.7
20.68,20653.3
20.69,20933.3
20.7,20650
20.71,20326.7
20.72,20560
20.73,20463.3
20.74,20526.7
20.75,20666.7
20.76,20660
20.77,20040
20.78,20153.3
20.79,20406.7
20.8,20403.3
20.81,20446.7
20.82,20416.7
20.83,20706.7
20.84,20493.3
20.85,19910
20.86,20326.7
20.87,20340
20.88,20383.3
20.89,20290
20.9,20550
20.91,20253.3
20.92,20246.7
20.93,20033.3
20.94,20383.3
20.95,20180
20.96,20470
20.97,20260
20.98,19913.3
20.99,20013.3
21,20110
21.01,20000
21.02,20046.7
21.03,20126.7
21.04,20673.3
21.05,20383.3
21.06,20603.3
21.07,20550
21.08,20720
21.09,20380
21.1,19796.7
21.11,20236.7
21.12,20096.7
21.13,20466.7
21.14,20230
21.15,20270
21.16,20046.7
21.17,19633.3
21.18,19993.3
21.19,20340
21.2,20196.7
21.21,20363.3
21.22,19796.7
21.23,19806.7
21.24,20186.7
21.25,20056.7
21.26,20136.7
21.27,20186.7
21.28,19926.7
21.29,20023.3
21.3,20003.3
21.31,20160
21.32,19710
21.33,20026.7
21.34,19906.7
21.35,19823.3
21.36,19643.3
21.37,19846.7
21.38,20006.7
21.39,20020
21.4,20003.3
21.41,20563.3
21.42,20080
21.43,19963.3
21.44,19870
21.45,20030
21.46,19746.7
21.47,19706.7
21.48,20110
21.49,20070
21.5,20306.7
21.51,19796.7
21.52,19836.7
21.53,19783.3
21.54,20046.7
21.55,20250
21.56,19793.3
21.57,19790
21.58,20073.3
21.59,19886.7
21.6,20413.3
21.61,19990
21.62,20270
21.63,20426.7
21.64,20023.3
21.65,20390
21.66,20206.7
21.67,20260
21.68,20183.3
21.69,20380
21.7,20606.7
21.71,20126.7
21.72,20430
21.73,20440
21.74,20253.3
21.75,20170
21.76,20240
21.77,20243.3
21.78,19913.3
21.79,20263.3
21.8,19996.7
21.81,20026.7
21.82,20336.7
21.83,19886.7
21.84,19866.7
21.85,19966.7
21.86,19486.7
21.87,19786.7
21.88,19876.7
21.89,20213.3
21.9,20103.3
21.91,19610
21.92,19833.3
21.93,20020
21.94,19893.3
21.95,20003.3
21.96,20356.7
21.97,20030
21.98,20033.3
21.99,19796.7
22,20193.3
22.01,19830
22.02,20020
22.03,19923.3
22.04,20043.3
22.05,20096.7
22.06,19616.7
22.07,19503.3
22.08,20160
22.09,19510
22.1,19930
22.11,19383.3
22.12,19863.3
22.13,19653.3
22.14,19780
22.15,19910
22.16,19813.3
22.17,20286.7
22.18,19736.7
22.19,19603.3
22.2,19883.3
22.21,19730
22.22,20123.3
22.23,19793.3
22.24,19846.7
22.25,19643.3
22.26,20026.7
22.27,19753.3
22.28,19933.3
22.29,19960
22.3,19826.7
22.31,19583.3
22.32,19713.3
22.33,20180
22.34,19870
22.35,19880
22.36,19746.7
22.37,19793.3
22.38,20036.7
22.39,20213.3
22.4,19966.7
22.41,20050
22.42,20106.7
22.43,19686.7
22.44,19646.7
22.45,19596.7
22.46,19616.7
22.47,19740
22.48,19760
22.49,19586.7
22.5,19943.3
22.51,19500
22.52,19526.7
22.53,19540
22.54,19753.3
22.55,19743.3
22.56,19703.3
22.57,19810
22.58,19386.7
22.59,19670
22.6,19786.7
22.61,19743.3
22.62,20200
22.63,19636.7
22.64,19500
22.65,19960
22.66,19620
22.67,19726.7
22.68,19820
22.69,19656.7
22.7,19710
22.71,19783.3
22.72,20090
22.73,19730
22.74,19916.7
22.75,19896.7
22.76,19643.3
22.77,19380
22.78,19560
22.79,19620
22.8,19463.3
22.81,19490
22.82,19796.7
22.83,19860
22.84,20080
22.85,19666.7
22.86,19420
22.87,19313.3
22.88,19400
22.89,19393.3
22.9,19660
22.91,19560
22.92,19480
22.93,19153.3
22.94,19826.7
22.95,19420
22.96,19336.7
22.97,19373.3
22.98,20160
22.99,19740
23,19476.7
23.01,19693.3
23.02,19626.7
23.03,19520
23.04,19276.7
23.05,19756.7
23.06,19296.7
23.07,19403.3
23.08,19093.3
23.09,19306.7
23.1,19220
23.11,19603.3
23.12,19690
23.13,18980
23.14,19996.7
23.15,19403.3
23.16,19156.7
23.17,19766.7
23.18,19383.3
23.19,20040
23.2,19306.7
23.21,19286.7
23.22,19220
23.23,19226.7
23.24,19506.7
23.25,19646.7
23.26,19650
23.27,19283.3
23.28,19550
23.29,19483.3
23.3,19066.7
23.31,19373.3
23.32,19400
23.33,19466.7
23.34,19723.3
23.35,19460
23.36,19413.3
23.37,19103.3
23.38,19470
23.39,19330
23.4,19603.3
23.41,19563.3
23.42,19763.3
23.43,19466.7
23.44,19773.3
23.45,19096.7
23.46,19370
23.47,19510
23.48,19463.3
23.49,19173.3
23.5,19400
23.51,19126.7
23.52,19656.7
23.53,19166.7
23.54,19183.3
23.55,19246.7
23.56,19310
23.57,19056.7
23.58,19113.3
23.59,19366.7
23.6,19540
23.61,19490
23.62,19573.3
23.63,19466.7
23.64,19326.7
23.65,19530
23.66,19356.7
23.67,19653.3
23.68,19233.3
23.69,19266.7
23.7,19540
23.71,19163.3
23.72,19320
23.73,19146.7
23.74,19223.3
23.75,18953.3
23.76,19283.3
23.77,19203.3
23.78,19553.3
23.79,19453.3
23.8,19280
23.81,19320
23.82,19240
23.83,18960
23.84,19290
23.85,19123.3
23.86,19560
23.87,19790
23.88,19366.7
23.89,19640
23.9,19156.7
23.91,19750
23.92,19576.7
23.93,19616.7
23.94,19370
23.95,19410
23.96,19473.3
23.97,19866.7
23.98,19436.7
23.99,19573.3
24,19063.3
24.01,19403.3
24.02,19046.7
24.03,19620
24.04,18900
24.05,19406.7
24.06,19406.7
24.07,19256.7
24.08,18796.7
24.09,19016.7
24.1,19270
24.11,19270
24.12,19093.3
24.13,18986.7
24.14,19300
24.15,19190
24.16,19446.7
24.17,18726.7
24.18,18780
24.19,19443.3
24.2,19193.3
24.21,19566.7
24.22,19250
24.23,19413.3
24.24,18933.3
24.25,19210
24.26,19320
24.27,19083.3
24.28,19230
24.29,19143.3
24.3,19373.3
24.31,19546.7
24.32,19026.7
24.33,19236.7
24.34,19176.7
24.35,19980
24.36,19166.7
24.37,19443.3
24.38,18940
24.39,19186.7
24.4,19150
24.41,19213.3
24.42,19133.3
24.43,19383.3
24.44,19146.7
24.45,19706.7
24.46,19496.7
24.47,19110
24.48,19016.7
24.49,19130
24.5,19046.7
24.51,19043.3
24.52,19250
24.53,18903.3
24.54,18613.3
24.55,18723.3
24.56,18990
24.57,18923.3
24.58,19326.7
24.59,19053.3
24.6,19120
24.61,18833.3
24.62,18833.3
24.63,19350
24.64,19533.3
24.65,19556.7
24.66,19520
24.67,19460
24.68,19136.7
24.69,19120
24.7,19403.3
24.71,19333.3
24.72,19320
24.73,19803.3
24.74,19430
24.75,18856.7
24.76,19223.3
24.77,18813.3
24.78,19166.7
24.79,19060
24.8,19166.7
24.81,19146.7
24.82,18876.7
24.83,19073.3
24.84,18980
24.85,18960
24.86,19020
24.87,18866.7
24.88,18933.3
24.89,19103.3
24.9,18856.7
24.91,19256.7
24.92,19016.7
24.93,18940
24.94,18843.3
24.95,19136.7
24.96,18620
24.97,18726.7
24.98,18476.7
24.99,18703.3
25,18470
25.01,18396.7
25.02,18740
25.03,18696.7
25.04,19176.7
25.05,19206.7
25.06,19140
25.07,18850
25.08,18710
25.09,19050
25.1,18926.7
25.11,18460
25.12,18760
25.13,18516.7
25.14,18430
25.15,18403.3
25.16,18460
25.17,18586.7
25.18,18700
25.19,19026.7
25.2,19300
25.21,18760
25.22,19103.3
25.23,19050
25.24,18926.7
25.25,18870
25.26,18650
25.27,18490
25.28,18500
25.29,18536.7
25.3,18320
25.31,18816.7
25.32,18516.7
25.33,18753.3
25.34,18450
25.35,18606.7
25.36,18803.3
25.37,18770
25.38,18956.7
25.39,18456.7
25.4,18540
25.41,18773.3
25.42,18756.7
25.43,18470
25.44,19450
25.45,18723.3
25.46,18736.7
25.47,18866.7
25.48,19066.7
25.49,18936.7
25.5,18476.7
25.51,19193.3
25.52,18563.3
25.53,18770
25.54,18890
25.55,18970
25.56,18926.7
25.57,18663.3
25.58,18656.7
25.59,18706.7
25.6,18653.3
25.61,18710
25.62,18753.3
25.63,18956.7
25.64,18760
25.65,18763.3
25.66,18646.7
25.67,18906.7
25.68,18800
25.69,18376.7
25.7,18690
25.71,18796.7
25.72,18643.3
25.73,18596.7
25.74,18643.3
25.75,18950
25.76,19123.3
25.77,18790
25.78,18796.7
25.79,18763.3
25.8,18926.7
25.81,18880
25.82,18556.7
25.83,18833.3
25.84,18693.3
25.85,18666.7
25.86,18730
25.87,18653.3
25.88,19063.3
25.89,18546.7
25.9,18280
25.91,18763.3
25.92,18330
25.93,18973.3
25.94,18316.7
25.95,18736.7
25.96,18823.3
25.97,18406.7
25.98,18996.7
25.99,18230
26,18980
26.01,18683.3
26.02,19043.3
26.03,18453.3
26.04,18530
26.05,18506.7
26.06,18523.3
26.07,18340
26.08,18310
26.09,18926.7
26.1,18376.7
26.11,18936.7
26.12,18366.7
26.13,18520
26.14,18680
26.15,18930
26.16,18866.7
26.17,18553.3
26.18,18920
26.19,18560
26.2,18773.3
26.21,18716.7
26.22,18656.7
26.23,18590
26.24,18476.7
26.25,18673.3
26.26,18343.3
26.27,18510
26.28,18696.7
26.29,18330
26.3,18456.7
26.31,18580
26.32,18853.3
26.33,18616.7
26.34,18363.3
26.35,18496.7
26.36,18636.7
26.37,18213.3
26.38,18963.3
26.39,18426.7
26.4,18773.3
26.41,18536.7
26.42,18286.7
26.43,18660
26.44,18470
26.45,18676.7
26.46,18310
26.47,18636.7
26.48,18493.3
26.49,18826.7
26.5,19080
26.51,18700
26.52,18553.3
26.53,18603.3
26.54,18843.3
26.55,19333.3
26.56,19056.7
26.57,19230
26.58,18866.7
26.59,18710
26.6,18900
26.61,19266.7
26.62,18656.7
26.63,19073.3
26.64,19250
26.65,19163.3
26.66,19303.3
26.67,19603.3
26.68,19686.7
26.69,19800
26.7,19910
26.71,19773.3
26.72,19650
26.73,19780
26.74,19096.7
26.75,19950
26.76,19640
26.77,19966.7
26.78,19486.7
26.79,19676.7
26.8,19700
26.81,19793.3
26.82,19676.7
26.83,19666.7
26.84,19436.7
26.85,19070
26.86,19220
26.87,19333.3
26.88,18983.3
26.89,19546.7
26.9,18830
26.91,19016.7
26.92,18150
26.93,18256.7
26.94,18316.7
26.95,18550
26.96,18226.7
26.97,18786.7
26.98,18213.3
26.99,18830
27,18423.3
27.01,18883.3
27.02,18486.7
27.03,18710
27.04,18480
27.05,18586.7
27.06,18130
27.07,18383.3
27.08,18776.7
27.09,18386.7
27.1,18420
27.11,18313.3
27.12,18290
27.13,18286.7
27.14,18483.3
27.15,18086.7
27.16,18146.7
27.17,18590
27.18,18400
27.19,18260
27.2,18760
27.21,18303.3
27.22,18453.3
27.23,18673.3
27.24,18540
27.25,18320
27.26,18756.7
27.27,18556.7
27.28,18330
27.29,18440
27.3,18676.7
27.31,18386.7
27.32,18623.3
27.33,18536.7
27.34,18550
27.35,18470
27.36,18006.7
27.37,18486.7
27.38,17826.7
27.39,18343.3
27.4,18273.3
27.41,18460
27.42,18310
27.43,18193.3
27.44,18566.7
27.45,18473.3
27.46,18713.3
27.47,18406.7
27.48,17800
27.49,18500
27.5,18366.7
27.51,18433.3
27.52,18570
27.53,18093.3
27.54,18126.7
27.55,17976.7
27.56,18193.3
27.57,18560
27.58,18323.3
27.59,18310
27.6,18920
27.61,18443.3
27.62,18506.7
27.63,18666.7
27.64,18483.3
27.65,17983.3
27.66,18163.3
27.67,18433.3
27.68,18476.7
27.69,18533.3
27.7,18550
27.71,18103.3
27.72,18356.7
27.73,18246.7
27.74,18120
27.75,18180
27.76,18280
27.77,18180
27.78,18190
27.79,17923.3
27.8,17786.7
27.81,18346.7
27.82,18666.7
27.83,18336.7
27.84,18306.7
27.85,18183.3
27.86,18320
27.87,18356.7
27.88,18083.3
27.89,18003.3
27.9,17980
27.91,18143.3
27.92,18133.3
27.93,18526.7
27.94,18283.3
27.95,18296.7
27.96,18183.3
27.97,18456.7
27.98,18246.7
27.99,18016.7
28,18286.7
28.01,17883.3
28.02,18223.3
28.03,18146.7
28.04,17730
28.05,18106.7
28.06,18200
28.07,18373.3
28.08,18066.7
28.09,18216.7
28.1,18450
28.11,18130
28.12,18246.7
28.13,18410
28.14,18080
28.15,18116.7
28.16,18023.3
28.17,18206.7
28.18,18076.7
28.19,17980
28.2,17900
28.21,18413.3
28.22,18240
28.23,17843.3
28.24,17756.7
28.25,17830
28.26,18323.3
28.27,18543.3
28.28,18383.3
28.29,18513.3
28.3,18133.3
28.31,18310
28.32,17966.7
28.33,18216.7
28.34,18396.7
28.35,18123.3
28.36,18240
28.37,18036.7
28.38,18406.7
28.39,18300
28.4,18663.3
28.41,18543.3
28.42,18656.7
28.43,18910
28.44,18816.7
28.45,18773.3
28.46,18846.7
28.47,19090
28.48,19190
28.49,19096.7
28.5,19306.7
28.51,19150
28.52,19510
28.53,19770
28.54,20136.7
28.55,20703.3
28.56,20860
28.57,20696.7
28.58,20626.7
28.59,20813.3
28.6,20313.3
28.61,20493.3
28.62,19970
28.63,19880
28.64,20063.3
28.65,20003.3
28.66,19360
28.67,19763.3
28.68,19053.3
28.69,18916.7
28.7,19346.7
28.71,18370
28.72,18823.3
28.73,18580
28.74,19193.3
28.75,18793.3
28.76,19023.3
28.77,18363.3
28.78,18613.3
28.79,18760
28.8,18540
28.81,18053.3
28.82,18693.3
28.83,18486.7
28.84,18193.3
28.85,18226.7
28.86,18373.3
28.87,18606.7
28.88,18046.7
28.89,18486.7
28.9,17993.3
28.91,18370
28.92,18626.7
28.93,18040
28.94,18526.7
28.95,18613.3
28.96,18370
28.97,18290
28.98,18613.3
28.99,18313.3
29,18293.3
29.01,18103.3
29.02,18540
29.03,18223.3
29.04,18353.3
29.05,18156.7
29.06,18203.3
29.07,18613.3
29.08,18413.3
29.09,18273.3
29.1,18193.3
29.11,18400
29.12,18543.3
29.13,18343.3
29.14,18640
29.15,18140
29.16,18520
29.17,18316.7
29.18,18386.7
29.19,18610
29.2,18340
29.21,18226.7
29.22,18166.7
29.23,18590
29.24,18863.3
29.25,18770
29.26,18763.3
29.27,18750
29.28,18736.7
29.29,18716.7
29.3,19070
29.31,18980
29.32,18730
29.33,18880
29.34,18280
29.35,19023.3
29.36,18903.3
29.37,19230
29.38,19056.7
29.39,19186.7
29.4,19620
29.41,19576.7
29.42,19733.3
29.43,19703.3
29.44,19780
29.45,20543.3
29.46,20573.3
29.47,20720
29.48,21146.7
29.49,21473.3
29.5,21726.7
29.51,22240
29.52,22940
29.53,24040
29.54,24486.7
29.55,25120
29.56,25680
29.57,26383.3
29.58,27540
29.59,28036.7
29.6,29033.3
29.61,30476.7
29.62,31860
29.63,33833.3
29.64,35690
29.65,38593.3
29.66,41733.3
29.67,45006.7
29.68,49040
29.69,54740
29.7,59930
29.71,68130
29.72,76196.7
29.73,83993.3
29.74,91550
29.75,99280
29.76,101317
29.77,102210
29.78,98866.7
29.79,93183.3
29.8,86220
29.81,82453.3
29.82,76843.3
29.83,72543.3
29.84,67793.3
29.85,61026.7
29.86,55110
29.87,48990
29.88,43520
29.89,38786.7
29.9,34043.3
29.91,30516.7
29.92,28236.7
29.93,26073.3
29.94,24720
29.95,23396.7
29.96,22400
29.97,22033.3
29.98,21473.3
29.99,21223.3
30,20963.3
30.01,20780
30.02,20043.3
30.03,20026.7
30.04,20086.7
30.05,19580
30.06,19023.3
30.07,19056.7
30.08,19183.3
30.09,19363.3
30.1,19370
30.11,18776.7
30.12,18536.7
30.13,18430
30.14,18756.7
30.15,18533.3
30.16,18353.3
30.17,18313.3
30.18,18703.3
30.19,18570
30.2,18296.7
30.21,18536.7
30.22,18053.3
30.23,18146.7
30.24,18236.7
30.25,18466.7
30.26,18420
30.27,18393.3
30.28,17833.3
30.29,18203.3
30.3,18546.7
30.31,18103.3
30.32,18073.3
30.33,18140
30.34,17786.7
30.35,17973.3
30.36,18160
30.37,18396.7
30.38,18296.7
30.39,18026.7
30.4,17870
30.41,18373.3
30.42,17876.7
30.43,18093.3
30.44,17746.7
30.45,18153.3
30.46,18223.3
30.47,17930
30.48,18396.7
30.49,17863.3
30.5,18163.3
30.51,18313.3
30.52,17433.3
30.53,18063.3
30.54,17803.3
30.55,17806.7
30.56,18200
30.57,18120
30.58,17710
30.59,18013.3
30.6,17663.3
30.61,17880
30.62,17853.3
30.63,17793.3
30.64,17726.7
30.65,17536.7
30.66,17976.7
30.67,17676.7
30.68,17810
30.69,17820
30.7,17413.3
30.71,17903.3
30.72,18130
30.73,17493.3
30.74,17696.7
30.75,17690
30.76,18000
30.77,17636.7
30.78,17473.3
30.79,17710
30.8,17670
30.81,17543.3
30.82,17386.7
30.83,17743.3
30.84,17913.3
30.85,17976.7
30.86,17513.3
30.87,17530
30.88,17636.7
30.89,17226.7
30.9,17446.7
30.91,17813.3
30.92,17643.3
30.93,17536.7
30.94,17580
30.95,17680
30.96,17700
30.97,17290
30.98,17586.7
30.99,17880
31,17596.7
31.01,17926.7
31.02,17720
31.03,17483.3
31.04,18116.7
31.05,17870
31.06,17306.7
31.07,17930
31.08,17896.7
31.09,17860
31.1,17646.7
31.11,17540
31.12,17573.3
31.13,17956.7
31.14,17276.7
31.15,17600
31.16,17570
31.17,17490
31.18,17246.7
31.19,17350
31.2,17360
31.21,17480
31.22,17073.3
31.23,17553.3
31.24,17676.7
31.25,17600
31.26,17663.3
31.27,17386.7
31.28,17523.3
31.29,17500
31.3,17326.7
31.31,17540
31.32,17513.3
31.33,17473.3
31.34,17256.7
31.35,17540
31.36,17130
31.37,17090
31.38,17630
31.39,17483.3
31.4,17100
31.41,17176.7
31.42,17623.3
31.43,17256.7
31.44,17230
31.45,17646.7
31.46,17500
31.47,17250
31.48,17246.7
31.49,17000
31.5,17336.7
31.51,17306.7
31.52,16980
31.53,17530
31.54,17216.7
31.55,17290
31.56,17356.7
31.57,17350
31.58,17343.3
31.59,17616.7
31.6,17236.7
31.61,17210
31.62,17493.3
31.63,17363.3
31.64,17570
31.65,17076.7
31.66,17303.3
31.67,17340
31.68,17693.3
31.69,17413.3
31.7,17540
31.71,17676.7
31.72,17190
31.73,17460
31.74,17250
31.75,17463.3
31.76,17156.7
31.77,17290
31.78,17606.7
31.79,17586.7
31.8,17740
31.81,17820
31.82,18446.7
31.83,18000
31.84,18226.7
31.85,18110
31.86,17726.7
31.87,18826.7
31.88,18250
31.89,18710
31.9,18433.3
31.91,19126.7
31.92,19503.3
31.93,19403.3
31.94,19796.7
31.95,20943.3
31.96,21306.7
31.97,22070
31.98,23020
31.99,23883.3
32,25493.3
32.01,26816.7
32.02,27340
32.03,28166.7
32.04,27783.3
32.05,27836.7
32.06,26683.3
32.07,26206.7
32.08,25060
32.09,24373.3
32.1,24140
32.11,23823.3
32.12,23663.3
32.13,22563.3
32.14,21650
32.15,20513.3
32.16,19860
32.17,19166.7
32.18,19010
32.19,18406.7
32.2,18053.3
32.21,17750
32.22,17746.7
32.23,17670
32.24,17583.3
32.25,17243.3
32.26,17440
32.27,17546.7
32.28,17243.3
32.29,17480
32.3,17316.7
32.31,17466.7
32.32,17243.3
32.33,17646.7
32.34,17000
32.35,17060
32.36,17190
32.37,17220
32.38,17320
32.39,17206.7
32.4,17156.7
32.41,17243.3
32.42,17136.7
32.43,16963.3
32.44,17576.7
32.45,16916.7
32.46,17563.3
32.47,17076.7
32.48,17410
32.49,16616.7
32.5,17143.3
32.51,17060
32.52,17260
32.53,17910
32.54,17173.3
32.55,17406.7
32.56,17173.3
32.57,17210
32.58,17400
32.59,16926.7
32.6,17093.3
32.61,16846.7
32.62,17063.3
32.63,16883.3
32.64,17083.3
32.65,17050
32.66,17210
32.67,17213.3
32.68,16926.7
32.69,16936.7
32.7,16896.7
32.71,16900
32.72,16410
32.73,16406.7
32.74,16623.3
32.75,16620
32.76,16840
32.77,17156.7
32.78,17266.7
32.79,16976.7
32.8,16770
32.81,17160
32.82,16256.7
32.83,17186.7
32.84,17273.3
32.85,17253.3
32.86,16826.7
32.87,16736.7
32.88,17276.7
32.89,16900
32.9,17026.7
32.91,17006.7
32.92,17033.3
32.93,17223.3
32.94,16870
32.95,16886.7
32.96,16353.3
32.97,16540
32.98,16630
32.99,16796.7
33,16690
33.01,16673.3
33.02,16756.7
33.03,16663.3
33.04,16753.3
33.05,16563.3
33.06,16826.7
33.07,17036.7
33.08,17556.7
33.09,17033.3
33.1,16586.7
33.11,16633.3
33.12,16706.7
33.13,16776.7
33.14,16670
33.15,16913.3
33.16,16973.3
33.17,16953.3
33.18,16646.7
33.19,16876.7
33.2,16703.3
33.21,16730
33.22,16783.3
33.23,17083.3
33.24,16840
33.25,16786.7
33.26,16920
33.27,16780
33.28,16740
33.29,16803.3
33.3,17113.3
33.31,16833.3
33.32,17303.3
33.33,17300
33.34,17163.3
33.35,16940
33.36,16696.7
33.37,16890
33.38,16670
33.39,16553.3
33.4,16843.3
33.41,16730
33.42,17196.7
33.43,17056.7
33.44,17086.7
33.45,16626.7
33.46,16910
33.47,17046.7
33.48,16746.7
33.49,16930
33.5,16653.3
33.51,16376.7
33.52,17106.7
33.53,17020
33.54,16723.3
33.55,16800
33.56,16876.7
33.57,16743.3
33.58,16333.3
33.59,16486.7
33.6,16706.7
33.61,17050
33.62,16660
33.63,16980
33.64,16953.3
33.65,16836.7
33.66,16633.3
33.67,17070
33.68,16713.3
33.69,16946.7
33.7,16726.7
33.71,16726.7
33.72,17083.3
33.73,16676.7
33.74,17510
33.75,16680
33.76,16880
33.77,17063.3
33.78,16656.7
33.79,17016.7
33.8,16850
33.81,16880
33.82,16803.3
33.83,16720
33.84,16873.3
33.85,17106.7
33.86,17110
33.87,17116.7
33.88,16886.7
33.89,16816.7
33.9,16663.3
33.91,17040
33.92,16656.7
33.93,16930
33.94,17106.7
33.95,16950
33.96,16676.7
33.97,16876.7
33.98,16680
33.99,16883.3
34,16946.7
34.01,17063.3
34.02,17280
34.03,17030
34.04,17193.3
34.05,16800
34.06,17010
34.07,16620
34.08,16816.7
34.09,16900
34.1,16740
34.11,16953.3
34.12,16650
34.13,16773.3
34.14,16696.7
34.15,16766.7
34.16,17023.3
34.17,16856.7
34.18,17423.3
34.19,17280
34.2,17080
34.21,17526.7
34.22,17100
34.23,17583.3
34.24,17840
34.25,17576.7
34.26,17426.7
34.27,18026.7
34.28,18360
34.29,18463.3
34.3,18413.3
34.31,18110
34.32,18770
34.33,19480
34.34,19036.7
34.35,19843.3
34.36,19963.3
34.37,20160
34.38,21130
34.39,21096.7
34.4,22236.7
34.41,23200
34.42,23826.7
34.43,25576.7
34.44,27256.7
34.45,29103.3
34.46,31623.3
34.47,33553.3
34.48,35083.3
34.49,36716.7
34.5,36926.7
34.51,36580
34.52,35416.7
34.53,34400
34.54,33093.3
34.55,31486.7
34.56,30736.7
34.57,28993.3
34.58,28483.3
34.59,27550
34.6,26733.3
34.61,25636.7
34.62,24236.7
34.63,23150
34.64,21726.7
34.65,20950
34.66,20076.7
34.67,19333.3
34.68,18580
34.69,18453.3
34.7,18273.3
34.71,17890
34.72,17846.7
34.73,17720
34.74,17670
34.75,17743.3
34.76,17073.3
34.77,17493.3
34.78,17150
34.79,17436.7
34.8,17546.7
34.81,17186.7
34.82,16943.3
34.83,17213.3
34.84,17033.3
34.85,16670
34.86,17040
34.87,17113.3
34.88,16703.3
34.89,17096.7
34.9,16716.7
34.91,16886.7
34.92,16890
34.93,16996.7
34.94,16970
34.95,17173.3
34.96,16876.7
34.97,16906.7
34.98,16840
34.99,16940
35,17030
35.01,16936.7
35.02,16786.7
35.03,17210
35.04,17063.3
35.05,17316.7
35.06,17070
35.07,17193.3
35.08,17346.7
35.09,17923.3
35.1,17906.7
35.11,17853.3
35.12,17933.3
35.13,18313.3
35.14,18963.3
35.15,19666.7
35.16,20046.7
35.17,20443.3
35.18,20480
35.19,20796.7
35.2,20950
35.21,20306.7
35.22,19600
35.23,19536.7
35.24,19260
35.25,19100
35.26,18756.7
35.27,18823.3
35.28,18940
35.29,18523.3
35.3,18293.3
35.31,17886.7
35.32,17403.3
35.33,17246.7
35.34,16906.7
35.35,16666.7
35.36,16783.3
35.37,16826.7
35.38,16596.7
35.39,17270
35.4,17123.3
35.41,16893.3
35.42,16343.3
35.43,16803.3
35.44,16620
35.45,16903.3
35.46,16693.3
35.47,16183.3
35.48,16566.7
35.49,16476.7
35.5,16400
35.51,16303.3
35.52,16780
35.53,16333.3
35.54,16450
35.55,16503.3
35.56,16550
35.57,16600
35.58,16206.7
35.59,16603.3
35.6,16446.7
35.61,16246.7
35.62,16163.3
35.63,16413.3
35.64,16396.7
35.65,16203.3
35.66,16230
35.67,16380
35.68,16220
35.69,16480
35.7,16750
35.71,16623.3
35.72,16566.7
35.73,16620
35.74,16800
35.75,16123.3
35.76,16370
35.77,16530
35.78,16290
35.79,16086.7
35.8,16073.3
35.81,16493.3
35.82,16460
35.83,16743.3
35.84,16030
35.85,16350
35.86,16290
35.87,16206.7
35.88,16000
35.89,15993.3
35.9,16230
35.91,16453.3
35.92,16190
35.93,16236.7
35.94,16383.3
35.95,16383.3
35.96,16526.7
35.97,16476.7
35.98,16393.3
35.99,16626.7
36,16653.3
36.01,16430
36.02,15910
36.03,16076.7
36.04,15986.7
36.05,16316.7
36.06,16323.3
36.07,16703.3
36.08,16150
36.09,16480
36.1,16436.7
36.11,16223.3
36.12,16183.3
36.13,16390
36.14,16310
36.15,16116.7
36.16,16203.3
36.17,16166.7
36.18,16613.3
36.19,16500
36.2,16296.7
36.21,16516.7
36.22,16436.7
36.23,16396.7
36.24,16096.7
36.25,16290
36.26,16433.3
36.27,16403.3
36.28,16420
36.29,16570
36.3,16640
36.31,16540
36.32,16420
36.33,16150
36.34,16553.3
36.35,16490
36.36,16373.3
36.37,16473.3
36.38,16396.7
36.39,16236.7
36.4,16446.7
36.41,16810
36.42,16376.7
36.43,16300
36.44,16866.7
36.45,16303.3
36.46,16236.7
36.47,16510
36.48,16333.3
36.49,16306.7
36.5,15973.3
36.51,16583.3
36.52,16443.3
36.53,16130
36.54,16663.3
36.55,16060
36.56,16693.3
36.57,16210
36.58,16216.7
36.59,16210
36.6,16420
36.61,16296.7
36.62,16660
36.63,16133.3
36.64,16673.3
36.65,16340
36.66,16366.7
36.67,16350
36.68,16520
36.69,16333.3
36.7,16373.3
36.71,16650
36.72,16696.7
36.73,16340
36.74,16373.3
36.75,16236.7
36.76,16563.3
36.77,16626.7
36.78,16236.7
36.79,16510
36.8,16226.7
36.81,16546.7
36.82,16116.7
36.83,16443.3
36.84,16663.3
36.85,16120
36.86,16380
36.87,16393.3
36.88,16476.7
36.89,16380
36.9,16236.7
36.91,16296.7
36.92,15853.3
36.93,15990
36.94,16056.7
36.95,16140
36.96,16193.3
36.97,16690
36.98,16416.7
36.99,16503.3
37,16423.3
37.01,16566.7
37.02,16153.3
37.03,16280
37.04,16116.7
37.05,16043.3
37.06,16380
37.07,16410
37.08,16193.3
37.09,16353.3
37.1,16553.3
37.11,16510
37.12,16440
37.13,16286.7
37.14,16430
37.15,16440
37.16,16490
37.17,16046.7
37.18,16490
37.19,16146.7
37.2,16320
37.21,16400
37.22,16330
37.23,16166.7
37.24,15950
37.25,16126.7
37.26,16230
37.27,16096.7
37.28,16370
37.29,16043.3
37.3,16093.3
37.31,16216.7
37.32,16103.3
37.33,16420
37.34,16293.3
37.35,16040
37.36,16263.3
37.37,16163.3
37.38,16173.3
37.39,16200
37.4,15980
37.41,16033.3
37.42,16160
37.43,16000
37.44,16260
37.45,16070
37.46,16206.7
37.47,16230
37.48,16186.7
37.49,16206.7
37.5,16086.7
37.51,15950
37.52,16013.3
37.53,16140
37.54,16026.7
37.55,16460
37.56,15880
37.57,16246.7
37.58,16136.7
37.59,16070
37.6,15903.3
37.61,16210
37.62,16296.7
37.63,16313.3
37.64,16070
37.65,16130
37.66,16540
37.67,15996.7
37.68,16216.7
37.69,15950
37.7,16443.3
37.71,16090
37.72,16466.7
37.73,16100
37.74,16040
37.75,16306.7
37.76,15646.7
37.77,15990
37.78,15826.7
37.79,16166.7
37.8,16303.3
37.81,15990
37.82,16076.7
37.83,16116.7
37.84,15996.7
37.85,15983.3
37.86,16180
37.87,15986.7
37.88,16070
37.89,15960
37.9,16193.3
37.91,16103.3
37.92,16520
37.93,16383.3
37.94,16320
37.95,16640
37.96,16353.3
37.97,15883.3
37.98,16136.7
37.99,15993.3
38,16033.3
38.01,16030
38.02,16403.3
38.03,16330
38.04,16113.3
38.05,15973.3
38.06,16086.7
38.07,16086.7
38.08,16153.3
38.09,16626.7
38.1,16333.3
38.11,16126.7
38.12,15866.7
38.13,16320
38.14,15883.3
38.15,15640
38.16,15433.3
38.17,15720
38.18,15983.3
38.19,16086.7
38.2,16376.7
38.21,16716.7
38.22,16033.3
38.23,16083.3
38.24,16026.7
38.25,16230
38.26,16166.7
38.27,16156.7
38.28,15980
38.29,15873.3
38.3,16326.7
38.31,16010
38.32,15860
38.33,15950
38.34,15933.3
38.35,16033.3
38.36,16176.7
38.37,16310
38.38,16323.3
38.39,16243.3
38.4,16093.3
38.41,15906.7
38.42,16180
38.43,16093.3
38.44,16056.7
38.45,15693.3
38.46,15716.7
38.47,15823.3
38.48,16086.7
38.49,16386.7
38.5,16156.7
38.51,16356.7
38.52,16060
38.53,15903.3
38.54,15860
38.55,16026.7
38.56,15923.3
38.57,15590
38.58,16373.3
38.59,15940
38.6,16060
38.61,16186.7
38.62,16650
38.63,16146.7
38.64,16416.7
38.65,15963.3
38.66,15783.3
38.67,16346.7
38.68,16266.7
38.69,16076.7
38.7,16666.7
38.71,16006.7
38.72,15930
38.73,16290
38.74,16090
38.75,16053.3
38.76,15910
38.77,16356.7
38.78,16150
38.79,15990
38.8,16310
38.81,16043.3
38.82,16180
38.83,16540
38.84,16010
38.85,16163.3
38.86,15963.3
38.87,16023.3
38.88,16210
38.89,16463.3
38.9,16013.3
38.91,16073.3
38.92,15883.3
38.93,15976.7
38.94,15830
38.95,15993.3
38.96,15936.7
38.97,15943.3
38.98,16273.3
38.99,15940
39,16123.3
39.01,16020
39.02,16090
39.03,16200
39.04,15923.3
39.05,15923.3
39.06,15936.7
39.07,16033.3
39.08,16276.7
39.09,16256.7
39.1,15926.7
39.11,15840
39.12,16296.7
39.13,16070
39.14,15996.7
39.15,16456.7
39.16,15926.7
39.17,16256.7
39.18,16156.7
39.19,16310
39.2,15900
39.21,16010
39.22,15726.7
39.23,15700
39.24,16143.3
39.25,15800
39.26,16166.7
39.27,15570
39.28,15993.3
39.29,16090
39.3,15926.7
39.31,15810
39.32,16170
39.33,16210
39.34,15933.3
39.35,16250
39.36,16266.7
39.37,16076.7
39.38,16193.3
39.39,16256.7
39.4,16300
39.41,16503.3
39.42,16543.3
39.43,16480
39.44,16640
39.45,16506.7
39.46,16796.7
39.47,17213.3
39.48,17233.3
39.49,17576.7
39.5,17343.3
39.51,17500
39.52,17113.3
39.53,16866.7
39.54,16803.3
39.55,16836.7
39.56,16893.3
39.57,17216.7
39.58,17133.3
39.59,16683.3
39.6,16553.3
39.61,16973.3
39.62,16110
39.63,16786.7
39.64,16333.3
39.65,16723.3
39.66,15890
39.67,16013.3
39.68,16000
39.69,16076.7
39.7,16506.7
39.71,16043.3
39.72,16083.3
39.73,16193.3
39.74,16160
39.75,16323.3
39.76,15870
39.77,16063.3
39.78,15923.3
39.79,16046.7
39.8,16020
39.81,16253.3
39.82,15986.7
39.83,16360
39.84,16100
39.85,16146.7
39.86,16030
39.87,15950
39.88,15993.3
39.89,15970
39.9,15793.3
39.91,16013.3
39.92,15556.7
39.93,15803.3
39.94,15953.3
39.95,16330
39.96,15946.7
39.97,15683.3
39.98,15970
39.99,15796.7
40,15903.3
40.01,15823.3
40.02,15643.3
40.03,15940
40.04,15756.7
40.05,15956.7
40.06,15856.7
40.07,15950
40.08,16203.3
40.09,15970
40.1,15833.3
40.11,15916.7
40.12,15960
40.13,16150
40.14,16203.3
40.15,16043.3
40.16,15873.3
40.17,15766.7
40.18,15853.3
40.19,16116.7
40.2,16086.7
40.21,16240
40.22,15956.7
40.23,15673.3
40.24,15863.3
40.25,15626.7
40.26,15766.7
40.27,15753.3
40.28,15993.3
40.29,15830
40.3,15813.3
40.31,15830
40.32,15956.7
40.33,15700
40.34,15963.3
40.35,16090
40.36,15473.3
40.37,15490
40.38,15816.7
40.39,15900
40.4,15760
40.41,16270
40.42,15726.7
40.43,16223.3
40.44,15890
40.45,15903.3
40.46,15976.7
40.47,15846.7
40.48,15906.7
40.49,15803.3
40.5,15783.3
40.51,15923.3
40.52,15733.3
40.53,15916.7
40.54,15810
40.55,16063.3
40.56,15893.3
40.57,15950
40.58,15693.3
40.59,15676.7
40.6,15680
40.61,16143.3
40.62,16210
40.63,15960
40.64,15956.7
40.65,15926.7
40.66,15543.3
40.67,15806.7
40.68,16023.3
40.69,15720
40.7,15920
40.71,15960
40.72,15840
40.73,15863.3
40.74,15556.7
40.75,15886.7
40.76,16170
40.77,16043.3
40.78,16106.7
40.79,15686.7
40.8,16286.7
40.81,16226.7
40.82,16373.3
40.83,16493.3
40.84,16800
40.85,16236.7
40.86,16090
40.87,16600
40.88,16490
40.89,16120
40.9,15956.7
40.91,16170
40.92,16456.7
40.93,15930
40.94,16116.7
40.95,15853.3
40.96,16200
40.97,16050
40.98,15566.7
40.99,15963.3
41,15933.3
41.01,15996.7
41.02,16056.7
41.03,16026.7
41.04,16010
41.05,16316.7
41.06,15863.3
41.07,16180
41.08,16113.3
41.09,16086.7
41.1,15700
41.11,16033.3
41.12,15683.3
41.13,15463.3
41.14,15390
41.15,15750
41.16,15736.7
41.17,16133.3
41.18,15970
41.19,16216.7
41.2,15730
41.21,15916.7
41.22,15823.3
41.23,15650
41.24,15596.7
41.25,15826.7
41.26,16476.7
41.27,16033.3
41.28,16336.7
41.29,15870
41.3,15916.7
41.31,15853.3
41.32,15660
41.33,15460
41.34,15653.3
41.35,15730
41.36,15696.7
41.37,15570
41.38,15840
41.39,15803.3
41.4,15656.7
41.41,15880
41.42,16026.7
41.43,15543.3
41.44,15656.7
41.45,16043.3
41.46,16206.7
41.47,15903.3
41.48,16036.7
41.49,16220
41.5,15300
41.51,15973.3
41.52,15486.7
41.53,15526.7
41.54,15143.3
41.55,15510
41.56,15820
41.57,15393.3
41.58,15646.7
41.59,15873.3
41.6,15700
41.61,15686.7
41.62,15843.3
41.63,15920
41.64,15716.7
41.65,15723.3
41.66,15696.7
41.67,15400
41.68,15833.3
41.69,16043.3
41.7,15840
41.71,16016.7
41.72,15666.7
41.73,15673.3
41.74,15673.3
41.75,15720
41.76,15676.7
41.77,15663.3
41.78,15353.3
41.79,15403.3
41.8,15906.7
41.81,15670
41.82,15806.7
41.83,15516.7
41.84,15886.7
41.85,15856.7
41.86,15873.3
41.87,15526.7
41.88,15913.3
41.89,15500
41.9,15513.3
41.91,15713.3
41.92,15406.7
41.93,16210
41.94,15923.3
41.95,15600
41.96,15820
41.97,15633.3
41.98,15590
41.99,15343.3
42,16066.7
42.01,15736.7
42.02,15936.7
42.03,15676.7
42.04,15753.3
42.05,15773.3
42.06,15426.7
42.07,15776.7
42.08,15530
42.09,15700
42.1,15656.7
42.11,15180
42.12,16153.3
42.13,15820
42.14,15606.7
42.15,15740
42.16,16013.3
42.17,15730
42.18,15993.3
42.19,15786.7
42.2,15886.7
42.21,15610
42.22,15860
42.23,15713.3
42.24,15560
42.25,15806.7
42.26,15973.3
42.27,15623.3
42.28,15696.7
42.29,15556.7
42.3,15550
42.31,15440
42.32,15650
42.33,15733.3
42.34,15773.3
42.35,15393.3
42.36,15646.7
42.37,15740
42.38,15736.7
42.39,15610
42.4,15526.7
42.41,15590
42.42,15623.3
42.43,16160
42.44,15723.3
42.45,15860
42.46,15906.7
42.47,15560
42.48,15746.7
42.49,15620
42.5,15443.3
42.51,15683.3
42.52,15570
42.53,15880
42.54,15533.3
42.55,15476.7
42.56,15610
42.57,15640
42.58,15783.3
42.59,15840
42.6,15930
42.61,15866.7
42.62,15726.7
42.63,15886.7
42.64,16180
42.65,15623.3
42.66,15796.7
42.67,15380
42.68,15296.7
42.69,15340
42.7,15830
42.71,15580
42.72,15623.3
42.73,15426.7
42.74,15920
42.75,15523.3
42.76,15786.7
42.77,15640
42.78,15786.7
42.79,15590
42.8,15133.3
42.81,15533.3
42.82,15556.7
42.83,15623.3
42.84,15390
42.85,15640
42.86,15566.7
42.87,15610
42.88,15676.7
42.89,15626.7
42.9,15386.7
42.91,15660
42.92,15593.3
42.93,15250
42.94,15520
42.95,15630
42.96,15426.7
42.97,15316.7
42.98,15623.3
42.99,15520
43,15550
43.01,15643.3
43.02,15593.3
43.03,15743.3
43.04,15856.7
43.05,15440
43.06,15503.3
43.07,15780
43.08,15506.7
43.09,15630
43.1,15413.3
43.11,15573.3
43.12,15626.7
43.13,15626.7
43.14,15493.3
43.15,15703.3
43.16,16140
43.17,15326.7
43.18,15306.7
43.19,15526.7
43.2,15346.7
43.21,15660
43.22,15406.7
43.23,15673.3
43.24,15373.3
43.25,15633.3
43.26,15730
43.27,15406.7
43.28,15746.7
43.29,15530
43.3,15580
43.31,15566.7
43.32,15833.3
43.33,15440
43.34,15773.3
43.35,15813.3
43.36,15373.3
43.37,15190
43.38,15386.7
43.39,15383.3
43.4,15226.7
43.41,15503.3
43.42,15350
43.43,15490
43.44,15593.3
43.45,15473.3
43.46,15260
43.47,15550
43.48,15146.7
43.49,15016.7
43.5,15543.3
43.51,15336.7
43.52,15356.7
43.53,15513.3
43.54,15353.3
43.55,15780
43.56,15326.7
43.57,15090
43.58,15636.7
43.59,15470
43.6,15653.3
43.61,15376.7
43.62,15576.7
43.63,15413.3
43.64,15420
43.65,15200
43.66,15390
43.67,15280
43.68,15623.3
43.69,15453.3
43.7,15823.3
43.71,15370
43.72,15356.7
43.73,15416.7
43.74,15213.3
43.75,15340
43.76,15380
43.77,15296.7
43.78,15326.7
43.79,15546.7
43.8,15643.3
43.81,15480
43.82,15836.7
43.83,15603.3
43.84,15413.3
43.85,15586.7
43.86,15586.7
43.87,15740
43.88,15736.7
43.89,15316.7
43.9,15156.7
43.91,15420
43.92,15253.3
43.93,14996.7
43.94,15183.3
43.95,15183.3
43.96,15346.7
43.97,15470
43.98,15550
43.99,15560
44,15673.3
44.01,15623.3
44.02,15260
44.03,15500
44.04,15516.7
44.05,15283.3
44.06,15666.7
44.07,15333.3
44.08,15520
44.09,15870
44.1,15593.3
44.11,15446.7
44.12,15416.7
44.13,15503.3
44.14,15356.7
44.15,15623.3
44.16,15533.3
44.17,15380
44.18,15836.7
44.19,15496.7
44.2,15083.3
44.21,15693.3
44.22,15510
44.23,15856.7
44.24,15390
44.25,15550
44.26,15740
44.27,15616.7
44.28,15383.3
44.29,15123.3
44.3,15936.7
44.31,15376.7
44.32,15686.7
44.33,16123.3
44.34,15070
44.35,16010
44.36,15230
44.37,15450
44.38,15330
44.39,15570
44.4,15853.3
44.41,15310
44.42,15200
44.43,15390
44.44,15386.7
44.45,15396.7
44.46,15796.7
44.47,15666.7
44.48,15790
44.49,15743.3
44.5,15870
44.51,15876.7
44.52,15676.7
44.53,15786.7
44.54,16140
44.55,16080
44.56,16086.7
44.57,16236.7
44.58,16000
44.59,15653.3
44.6,15473.3
44.61,15626.7
44.62,16093.3
44.63,15850
44.64,15746.7
44.65,16146.7
44.66,15890
44.67,16510
44.68,16680
44.69,16623.3
44.7,17216.7
44.71,17246.7
44.72,17016.7
44.73,16573.3
44.74,16280
44.75,16280
44.76,16040
44.77,16560
44.78,16196.7
44.79,16176.7
44.8,16233.3
44.81,16293.3
44.82,16466.7
44.83,15996.7
44.84,16193.3
44.85,16220
44.86,15763.3
44.87,16123.3
44.88,15880
44.89,15820
44.9,15693.3
44.91,15783.3
44.92,15433.3
44.93,15766.7
44.94,15700
44.95,15580
44.96,15640
44.97,15603.3
44.98,15496.7
44.99,15420
45,15246.7
45.01,15340
45.02,15756.7
45.03,15326.7
45.04,15973.3
45.05,15433.3
45.06,15446.7
45.07,15146.7
45.08,15266.7
45.09,15646.7
45.1,15533.3
45.11,15236.7
45.12,15590
45.13,15200
45.14,15580
45.15,15556.7
45.16,15886.7
45.17,15550
45.18,15216.7
45.19,15453.3
45.2,15343.3
45.21,15643.3
45.22,15426.7
45.23,15656.7
45.24,15306.7
45.25,15156.7
45.26,15410
45.27,15240
45.28,15006.7
45.29,15420
45.3,15536.7
45.31,15540
45.32,15133.3
45.33,15340
45.34,15436.7
45.35,15290
45.36,15363.3
45.37,15520
45.38,15516.7
45.39,15246.7
45.4,15586.7
45.41,15640
45.42,15013.3
45.43,15500
45.44,15386.7
45.45,15203.3
45.46,15853.3
45.47,15506.7
45.48,15616.7
45.49,15656.7
45.5,15363.3
45.51,15560
45.52,15616.7
45.53,15400
45.54,15206.7
45.55,15616.7
45.56,15366.7
45.57,15306.7
45.58,15206.7
45.59,15426.7
45.6,15406.7
45.61,15153.3
45.62,15680
45.63,15396.7
45.64,15563.3
45.65,15300
45.66,15506.7
45.67,15560
45.68,15146.7
45.69,15240
45.7,15510
45.71,15440
45.72,15173.3
45.73,15040
45.74,15310
45.75,15496.7
45.76,15290
45.77,15230
45.78,15386.7
45.79,15286.7
45.8,15823.3
45.81,15143.3
45.82,15276.7
45.83,15376.7
45.84,15290
45.85,15490
45.86,15320
45.87,15406.7
45.88,15443.3
45.89,15646.7
45.9,15083.3
45.91,15423.3
45.92,15026.7
45.93,15033.3
45.94,15530
45.95,14963.3
45.96,15476.7
45.97,15200
45.98,15323.3
45.99,15140
46,15523.3
46.01,15093.3
46.02,15403.3
46.03,15163.3
46.04,15536.7
46.05,15183.3
46.06,15103.3
46.07,15190
46.08,15566.7
46.09,15423.3
46.1,15756.7
46.11,15176.7
46.12,15440
46.13,15460
46.14,15373.3
46.15,15356.7
46.16,15133.3
46.17,15466.7
46.18,15373.3
46.19,15100
46.2,15356.7
46.21,14990
46.22,15420
46.23,15296.7
46.24,15313.3
46.25,15273.3
46.26,15063.3
46.27,15636.7
46.28,15110
46.29,15546.7
46.3,14973.3
46.31,15676.7
46.32,15173.3
46.33,15296.7
46.34,15443.3
46.35,15363.3
46.36,15170
46.37,15370
46.38,14896.7
46.39,15080
46.4,15543.3
46.41,15646.7
46.42,15210
46.43,15206.7
46.44,15450
46.45,15626.7
46.46,15343.3
46.47,15426.7
46.48,15180
46.49,15143.3
46.5,15323.3
46.51,15016.7
46.52,15563.3
46.53,14900
46.54,15210
46.55,15136.7
46.56,14933.3
46.57,14983.3
46.58,15400
46.59,15016.7
46.6,15260
46.61,15273.3
46.62,15260
46.63,15330
46.64,15260
46.65,15080
46.66,15236.7
46.67,15033.3
46.68,15126.7
46.69,15336.7
46.7,15136.7
46.71,15486.7
46.72,15293.3
46.73,15346.7
46.74,15390
46.75,15393.3
46.76,15396.7
46.77,15530
46.78,15550
46.79,15580
46.8,15146.7
46.81,15310
46.82,15640
46.83,15266.7
46.84,15323.3
46.85,14993.3
46.86,15553.3
46.87,15250
46.88,15273.3
46.89,15063.3
46.9,15406.7
46.91,15470
46.92,15090
46.93,15323.3
46.94,15250
46.95,15300
46.96,15280
46.97,15216.7
46.98,14803.3
46.99,15493.3
47,15040
47.01,15533.3
47.02,15243.3
47.03,15533.3
47.04,15150
47.05,15443.3
47.06,15273.3
47.07,15123.3
47.08,15370
47.09,15066.7
47.1,15043.3
47.11,15393.3
47.12,15240
47.13,15726.7
47.14,15450
47.15,14933.3
47.16,15356.7
47.17,15026.7
47.18,15623.3
47.19,15750
47.2,15230
47.21,15410
47.22,14920
47.23,15233.3
47.24,15223.3
47.25,15026.7
47.26,15516.7
47.27,15243.3
47.28,15153.3
47.29,15350
47.3,15246.7
47.31,15366.7
47.32,15166.7
47.33,15356.7
47.34,15290
47.35,15460
47.36,15646.7
47.37,15610
47.38,15443.3
47.39,15330
47.4,15143.3
47.41,15343.3
47.42,15833.3
47.43,15780
47.44,15566.7
47.45,15500
47.46,16003.3
47.47,15583.3
47.48,15163.3
47.49,15043.3
47.5,15296.7
47.51,15476.7
47.52,15146.7
47.53,15396.7
47.54,15153.3
47.55,15506.7
47.56,15423.3
47.57,15493.3
47.58,15243.3
47.59,15430
47.6,15203.3
47.61,15253.3
47.62,15180
47.63,15343.3
47.64,15430
47.65,15320
47.66,15156.7
47.67,15226.7
47.68,15280
47.69,15266.7
47.7,15326.7
47.71,15350
47.72,15266.7
47.73,15213.3
47.74,15543.3
47.75,16193.3
47.76,15666.7
47.77,15616.7
47.78,15383.3
47.79,15430
47.8,15806.7
47.81,15573.3
47.82,15470
47.83,15553.3
47.84,15373.3
47.85,15383.3
47.86,14896.7
47.87,15520
47.88,15143.3
47.89,15830
47.9,15680
47.91,15433.3
47.92,15363.3
47.93,15633.3
47.94,15163.3
47.95,15643.3
47.96,15613.3
47.97,15460
47.98,15413.3
47.99,15326.7
48,15766.7
48.01,15290
48.02,15496.7
48.03,15503.3
48.04,15730
48.05,15416.7
48.06,15730
48.07,15500
48.08,15443.3
48.09,15723.3
48.1,15643.3
48.11,15980
48.12,15696.7
48.13,15106.7
48.14,15156.7
48.15,15793.3
48.16,15540
48.17,15513.3
48.18,15220
48.19,15163.3
48.2,15180
48.21,15330
48.22,15843.3
48.23,15750
48.24,15886.7
48.25,15636.7
48.26,15423.3
48.27,15873.3
48.28,15686.7
48.29,15500
48.3,15470
48.31,15143.3
48.32,15793.3
48.33,15170
48.34,15580
48.35,15346.7
48.36,15263.3
48.37,15633.3
48.38,15633.3
48.39,15616.7
48.4,15380
48.41,15220
48.42,15580
48.43,15530
48.44,15273.3
48.45,15503.3
48.46,15140
48.47,15390
48.48,15340
48.49,14890
48.5,14916.7
48.51,15226.7
48.52,15460
48.53,15566.7
48.54,15526.7
48.55,15403.3
48.56,15596.7
48.57,15563.3
48.58,15170
48.59,15086.7
48.6,14963.3
48.61,15356.7
48.62,15323.3
48.63,15383.3
48.64,15353.3
48.65,15076.7
48.66,15520
48.67,15466.7
48.68,15566.7
48.69,15446.7
48.7,15240
48.71,15716.7
48.72,15433.3
48.73,15873.3
48.74,15526.7
48.75,15780
48.76,15450
48.77,15573.3
48.78,15330
48.79,15740
48.8,15796.7
48.81,15606.7
48.82,15713.3
48.83,15260
48.84,15450
48.85,15403.3
48.86,15566.7
48.87,15183.3
48.88,15566.7
48.89,15530
48.9,15440
48.91,15723.3
48.92,15683.3
48.93,15543.3
48.94,15583.3
48.95,15290
48.96,15533.3
48.97,15796.7
48.98,15633.3
48.99,15906.7
49,15726.7
49.01,15553.3
49.02,15846.7
49.03,16006.7
49.04,15763.3
49.05,15746.7
49.06,15830
49.07,15363.3
49.08,15920
49.09,15533.3
49.1,15703.3
49.11,16130
49.12,16023.3
49.13,15980
49.14,16160
49.15,15663.3
49.16,15506.7
49.17,15956.7
49.18,15493.3
49.19,15796.7
49.2,15803.3
49.21,15886.7
49.22,15886.7
49.23,16153.3
49.24,16493.3
49.25,16396.7
49.26,16386.7
49.27,16610
49.28,16260
49.29,17160
49.3,16790
49.31,16776.7
49.32,17236.7
49.33,17386.7
49.34,17780
49.35,17740
49.36,17613.3
49.37,17953.3
49.38,17976.7
49.39,18336.7
49.4,18846.7
49.41,19043.3
49.42,19223.3
49.43,19926.7
49.44,20443.3
49.45,21090
49.46,22226.7
49.47,23226.7
49.48,24286.7
49.49,25920
49.5,28033.3
49.51,29736.7
49.52,32706.7
49.53,35326.7
49.54,38576.7
49.55,41433.3
49.56,45123.3
49.57,48916.7
49.58,50796.7
49.59,52073.3
49.6,52616.7
49.61,50303.3
49.62,48466.7
49.63,44980
49.64,42230
49.65,39476.7
49.66,37023.3
49.67,35890
49.68,35333.3
49.69,35450
49.7,35226.7
49.71,35940
49.72,35870
49.73,35426.7
49.74,34156.7
49.75,32413.3
49.76,29920
49.77,27606.7
49.78,24903.3
49.79,23543.3
49.8,22150
49.81,20853.3
49.82,19850
49.83,19056.7
49.84,18426.7
49.85,18306.7
49.86,17576.7
49.87,17796.7
49.88,17333.3
49.89,17113.3
49.9,16863.3
49.91,16830
49.92,16636.7
49.93,16386.7
49.94,16240
49.95,16466.7
49.96,16390
49.97,15930
49.98,15990
49.99,16270
50,15953.3
50.01,16123.3
50.02,16046.7
50.03,15920
50.04,16376.7
50.05,15696.7
50.06,15953.3
50.07,15506.7
50.08,15293.3
50.09,15566.7
50.1,15386.7
50.11,14790
50.12,15626.7
50.13,15280
50.14,15670
50.15,15353.3
50.16,15453.3
50.17,15296.7
50.18,15896.7
50.19,15513.3
50.2,15280
50.21,15540
50.22,15456.7
50.23,15533.3
50.24,15466.7
50.25,15060
50.26,15446.7
50.27,15446.7
50.28,15320
50.29,15310
50.3,15736.7
50.31,15456.7
50.32,15123.3
50.33,15106.7
50.34,15346.7
50.35,15296.7
50.36,15213.3
50.37,15540
50.38,15703.3
50.39,15506.7
50.4,15323.3
50.41,15570
50.42,15496.7
50.43,15653.3
50.44,15210
50.45,15306.7
50.46,15250
50.47,15460
50.48,15393.3
50.49,15580
50.5,15413.3
50.51,15463.3
50.52,15466.7
50.53,15813.3
50.54,16036.7
50.55,15953.3
50.56,16186.7
50.57,16346.7
50.58,16413.3
50.59,16703.3
50.6,16986.7
50.61,17103.3
50.62,16926.7
50.63,16800
50.64,16440
50.65,16173.3
50.66,15813.3
50.67,15586.7
50.68,16110
50.69,15876.7
50.7,16276.7
50.71,16353.3
50.72,16066.7
50.73,16153.3
50.74,16280
50.75,16126.7
50.76,15916.7
50.77,16113.3
50.78,15776.7
50.79,15273.3
50.8,15460
50.81,15366.7
50.82,15320
50.83,15086.7
50.84,15440
50.85,15423.3
50.86,15403.3
50.87,15236.7
50.88,15340
50.89,15200
50.9,15300
50.91,15193.3
50.92,15453.3
50.93,15446.7
50.94,15526.7
50.95,15503.3
50.96,15480
50.97,15223.3
50.98,15186.7
50.99,15110
51,15396.7
51.01,15293.3
51.02,15050
51.03,15890
51.04,15056.7
51.05,15643.3
51.06,15110
51.07,15190
51.08,15463.3
51.09,15400
51.1,15186.7
51.11,15416.7
51.12,15123.3
51.13,15053.3
51.14,15073.3
51.15,15230
51.16,15406.7
51.17,15226.7
51.18,15473.3
51.19,15143.3
51.2,15290
51.21,15316.7
51.22,15483.3
51.23,15353.3
51.24,15216.7
51.25,14876.7
51.26,15043.3
51.27,15206.7
51.28,15073.3
51.29,15113.3
51.3,15393.3
51.31,15316.7
51.32,15190
51.33,15123.3
51.34,15136.7
51.35,15200
51.36,15333.3
51.37,14880
51.38,14840
51.39,14936.7
51.4,15100
51.41,15216.7
51.42,15156.7
51.43,15100
51.44,14883.3
51.45,15210
51.46,15183.3
51.47,15190
51.48,15200
51.49,15070
51.5,15226.7
51.51,15296.7
51.52,15213.3
51.53,14910
51.54,15053.3
51.55,15230
51.56,15466.7
51.57,15156.7
51.58,15410
51.59,15356.7
51.6,14983.3
51.61,15263.3
51.62,14903.3
51.63,15403.3
51.64,15196.7
51.65,15306.7
51.66,15136.7
51.67,15150
51.68,15406.7
51.69,15450
51.7,15163.3
51.71,15393.3
51.72,15263.3
51.73,15160
51.74,14976.7
51.75,14973.3
51.76,15203.3
51.77,14816.7
51.78,15090
51.79,14996.7
51.8,15000
51.81,15050
51.82,15156.7
51.83,14770
51.84,14950
51.85,14876.7
51.86,14920
51.87,15166.7
51.88,15050
51.89,15053.3
51.9,15186.7
51.91,15150
51.92,15393.3
51.93,14720
51.94,14956.7
51.95,15083.3
51.96,14996.7
51.97,15090
51.98,14716.7
51.99,14976.7
52,15323.3
52.01,15396.7
52.02,15213.3
52.03,15073.3
52.04,14843.3
52.05,15193.3
52.06,15146.7
52.07,15260
52.08,14856.7
52.09,15140
52.1,15230
52.11,14923.3
52.12,15123.3
52.13,15130
52.14,15450
52.15,15413.3
52.16,15210
52.17,15353.3
52.18,15096.7
52.19,14893.3
52.2,14960
52.21,14650
52.22,15076.7
52.23,15300
52.24,15623.3
52.25,15270
52.26,15046.7
52.27,14793.3
52.28,15066.7
52.29,15150
52.3,15186.7
52.31,15023.3
52.32,14913.3
52.33,15033.3
52.34,14956.7
52.35,15103.3
52.36,14970
52.37,14943.3
52.38,15373.3
52.39,15220
52.4,15190
52.41,15096.7
52.42,14870
52.43,15113.3
52.44,15296.7
52.45,15110
52.46,15156.7
52.47,15586.7
52.48,15153.3
52.49,15120
52.5,15133.3
52.51,15146.7
52.52,15000
52.53,15063.3
52.54,15226.7
52.55,15046.7
52.56,15343.3
52.57,15053.3
52.58,15460
52.59,15376.7
52.6,15066.7
52.61,15120
52.62,15450
52.63,15450
52.64,15816.7
52.65,15283.3
52.66,15660
52.67,15486.7
52.68,15513.3
52.69,15440
52.7,15550
52.71,15690
52.72,15896.7
52.73,16020
52.74,16276.7
52.75,16663.3
52.76,16880
52.77,16983.3
52.78,17576.7
52.79,17770
52.8,17830
52.81,18146.7
52.82,18526.7
52.83,18746.7
52.84,18516.7
52.85,18240
52.86,17506.7
52.87,17673.3
52.88,17136.7
52.89,16563.3
52.9,16866.7
52.91,16020
52.92,16493.3
52.93,16220
52.94,16623.3
52.95,16536.7
52.96,16420
52.97,16910
52.98,16270
52.99,16940
53,16623.3
53.01,16266.7
53.02,15836.7
53.03,16066.7
53.04,15216.7
53.05,15820
53.06,15470
53.07,15580
53.08,15316.7
53.09,15216.7
53.1,14943.3
53.11,15646.7
53.12,15346.7
53.13,15160
53.14,15493.3
53.15,15206.7
53.16,15446.7
53.17,15340
53.18,15006.7
53.19,15483.3
53.2,14870
53.21,15216.7
53.22,15220
53.23,15090
53.24,15300
53.25,14990
53.26,15220
53.27,15370
53.28,15153.3
53.29,15293.3
53.3,15166.7
53.31,15386.7
53.32,15266.7
53.33,15316.7
53.34,14923.3
53.35,15206.7
53.36,14900
53.37,15276.7
53.38,15156.7
53.39,15113.3
53.4,15246.7
53.41,15050
53.42,14876.7
53.43,15070
53.44,15343.3
53.45,15296.7
53.46,15173.3
53.47,14993.3
53.48,14916.7
53.49,14746.7
53.5,15016.7
53.51,14916.7
53.52,15083.3
53.53,15043.3
53.54,15230
53.55,14990
53.56,15086.7
53.57,15033.3
53.58,14833.3
53.59,14880
53.6,15130
53.61,15216.7
53.62,15230
53.63,15150
53.64,14956.7
53.65,15113.3
53.66,14806.7
53.67,15086.7
53.68,14723.3
53.69,15186.7
53.7,14786.7
53.71,15423.3
53.72,15130
53.73,15403.3
53.74,15006.7
53.75,15206.7
53.76,14926.7
53.77,14696.7
53.78,15026.7
53.79,15123.3
53.8,15003.3
53.81,15060
53.82,15106.7
53.83,15393.3
53.84,15236.7
53.85,15030
53.86,15073.3
53.87,15240
53.88,15610
53.89,15516.7
53.9,15616.7
53.91,15583.3
53.92,15646.7
53.93,15433.3
53.94,15893.3
53.95,15263.3
53.96,15176.7
53.97,15510
53.98,15356.7
53.99,15343.3
54,15216.7
54.01,15276.7
54.02,15763.3
54.03,15300
54.04,15696.7
54.05,15450
54.06,15396.7
54.07,15823.3
54.08,15043.3
54.09,15603.3
54.1,15136.7
54.11,15460
54.12,14856.7
54.13,14573.3
54.14,14920
54.15,15190
54.16,14890
54.17,15000
54.18,15096.7
54.19,14966.7
54.2,15103.3
54.21,14786.7
54.22,14810
54.23,15086.7
54.24,15063.3
54.25,15000
54.26,14880
54.27,15133.3
54.28,15133.3
54.29,15160
54.3,14883.3
54.31,15110
54.32,14633.3
54.33,15080
54.34,14886.7
54.35,15403.3
54.36,14876.7
54.37,15030
54.38,15003.3
54.39,15163.3
54.4,14946.7
54.41,15013.3
54.42,14690
54.43,15166.7
54.44,14800
54.45,15153.3
54.46,14693.3
54.47,15220
54.48,14853.3
54.49,15106.7
54.5,14896.7
54.51,15140
54.52,15010
54.53,14950
54.54,14950
54.55,14833.3
54.56,14910
54.57,14850
54.58,15113.3
54.59,15156.7
54.6,15083.3
54.61,15040
54.62,15036.7
54.63,15000
54.64,14913.3
54.65,14890
54.66,15140
54.67,15033.3
54.68,15340
54.69,15280
54.7,15063.3
54.71,15163.3
54.72,14970
54.73,15276.7
54.74,15113.3
54.75,14923.3
54.76,15063.3
54.77,14976.7
54.78,15186.7
54.79,15333.3
54.8,15416.7
54.81,15566.7
54.82,15170
54.83,15266.7
54.84,15206.7
54.85,15116.7
54.86,15556.7
54.87,15273.3
54.88,15560
54.89,15640
54.9,15983.3
54.91,15996.7
54.92,15620
54.93,16206.7
54.94,16573.3
54.95,16773.3
54.96,17460
54.97,17676.7
54.98,18180
54.99,18396.7
55,18316.7
55.01,18066.7
55.02,17670
55.03,17746.7
55.04,16766.7
55.05,16846.7
55.06,16473.3
55.07,16313.3
55.08,16260
55.09,16446.7
55.1,16840
55.11,16500
55.12,16523.3
55.13,17016.7
55.14,16683.3
55.15,16570
55.16,16943.3
55.17,16263.3
55.18,16313.3
55.19,15670
55.2,15470
55.21,15446.7
55.22,15333.3
55.23,15233.3
55.24,15330
55.25,15443.3
55.26,15366.7
55.27,15370
55.28,15566.7
55.29,15123.3
55.3,15013.3
55.31,15030
55.32,15236.7
55.33,15240
55.34,14936.7
55.35,14943.3
55.36,15066.7
55.37,15193.3
55.38,15153.3
55.39,15093.3
55.4,14986.7
55.41,14610
55.42,15106.7
55.43,14686.7
55.44,15220
55.45,15423.3
55.46,15106.7
55.47,14913.3
55.48,15153.3
55.49,15180
55.5,15066.7
55.51,15126.7
55.52,15020
55.53,15183.3
55.54,15040
55.55,15046.7
55.56,15276.7
55.57,14956.7
55.58,14840
55.59,14976.7
55.6,14913.3
55.61,14726.7
55.62,15226.7
55.63,15376.7
55.64,14890
55.65,15216.7
55.66,14800
55.67,14760
55.68,14573.3
55.69,14670
55.7,14563.3
55.71,14940
55.72,14976.7
55.73,15306.7
55.74,15286.7
55.75,15193.3
55.76,14950
55.77,14836.7
55.78,14786.7
55.79,14693.3
55.8,15136.7
55.81,14830
55.82,14823.3
55.83,15120
55.84,14840
55.85,14696.7
55.86,14623.3
55.87,15156.7
55.88,15183.3
55.89,14933.3
55.9,14766.7
55.91,14430
55.92,15003.3
55.93,14976.7
55.94,14763.3
55.95,14870
55.96,14826.7
55.97,15146.7
55.98,15020
55.99,14880
56,15400
56.01,15100
56.02,14963.3
56.03,14806.7
56.04,15026.7
56.05,14933.3
56.06,15266.7
56.07,14916.7
56.08,14603.3
56.09,14980
56.1,14886.7
56.11,15036.7
56.12,14893.3
56.13,14820
56.14,14616.7
56.15,15046.7
56.16,14660
56.17,15103.3
56.18,14810
56.19,14643.3
56.2,15166.7
56.21,14700
56.22,14846.7
56.23,14686.7
56.24,14666.7
56.25,14603.3
56.26,14663.3
56.27,15130
56.28,14826.7
56.29,14963.3
56.3,14953.3
56.31,15053.3
56.32,14806.7
56.33,15090
56.34,14886.7
56.35,14946.7
56.36,14853.3
56.37,15040
56.38,14993.3
56.39,14970
56.4,15260
56.41,15076.7
56.42,14970
56.43,15376.7
56.44,14836.7
56.45,14970
56.46,15093.3
56.47,14763.3
56.48,14910
56.49,15040
56.5,14843.3
56.51,14850
56.52,14890
56.53,15183.3
56.54,14856.7
56.55,15136.7
56.56,15173.3
56.57,14973.3
56.58,14970
56.59,15126.7
56.6,14910
56.61,14846.7
56.62,14836.7
56.63,14893.3
56.64,14626.7
56.65,14946.7
56.66,15373.3
56.67,14880
56.68,14973.3
56.69,14836.7
56.7,14790
56.71,14616.7
56.72,14933.3
56.73,15003.3
56.74,15013.3
56.75,15123.3
56.76,14743.3
56.77,15286.7
56.78,14973.3
56.79,14923.3
56.8,15270
56.81,15180
56.82,14986.7
56.83,15213.3
56.84,14923.3
56.85,14863.3
56.86,15330
56.87,14960
56.88,15036.7
56.89,15146.7
56.9,14826.7
56.91,15296.7
56.92,15250
56.93,14930
56.94,14830
56.95,15026.7
56.96,14683.3
56.97,14756.7
56.98,14866.7
56.99,14856.7
57,15006.7
57.01,15123.3
57.02,14983.3
57.03,15026.7
57.04,14920
57.05,15103.3
57.06,14896.7
57.07,15176.7
57.08,15026.7
57.09,14840
57.1,14606.7
57.11,14583.3
57.12,15083.3
57.13,15203.3
57.14,15096.7
57.15,14730
57.16,15023.3
57.17,14910
57.18,14960
57.19,14703.3
57.2,14646.7
57.21,14863.3
57.22,14953.3
57.23,15063.3
57.24,14850
57.25,15053.3
57.26,14993.3
57.27,14953.3
57.28,15100
57.29,14816.7
57.3,14890
57.31,14826.7
57.32,14970
57.33,15080
57.34,15003.3
57.35,14790
57.36,15230
57.37,15153.3
57.38,14946.7
57.39,15510
57.4,15123.3
57.41,14990
57.42,15073.3
57.43,15393.3
57.44,15160
57.45,15583.3
57.46,14903.3
57.47,15020
57.48,14973.3
57.49,14913.3
57.5,14753.3
57.51,14910
57.52,14933.3
57.53,14913.3
57.54,15270
57.55,15153.3
57.56,14970
57.57,15050
57.58,14893.3
57.59,15033.3
57.6,14836.7
57.61,14883.3
57.62,14770
57.63,14733.3
57.64,14993.3
57.65,14870
57.66,15196.7
57.67,15186.7
57.68,15153.3
57.69,14983.3
57.7,14883.3
57.71,15376.7
57.72,15093.3
57.73,14703.3
57.74,14880
57.75,14893.3
57.76,14823.3
57.77,15000
57.78,14720
57.79,14806.7
57.8,15083.3
57.81,15273.3
57.82,15273.3
57.83,15220
57.84,14706.7
57.85,14886.7
57.86,14926.7
57.87,14873.3
57.88,15136.7
57.89,14810
57.9,14843.3
57.91,15163.3
57.92,14976.7
57.93,15600
57.94,14866.7
57.95,14896.7
57.96,15086.7
57.97,15280
57.98,15296.7
57.99,15116.7
58,14900
58.01,14910
58.02,15266.7
58.03,15073.3
58.04,15026.7
58.05,15050
58.06,15303.3
58.07,15516.7
58.08,15543.3
58.09,15406.7
58.1,15053.3
58.11,15350
58.12,15230
58.13,15156.7
58.14,15370
58.15,15123.3
58.16,14996.7
58.17,15060
58.18,14756.7
58.19,14713.3
58.2,14806.7
58.21,15173.3
58.22,14646.7
58.23,15133.3
58.24,15416.7
58.25,15340
58.26,15263.3
58.27,15116.7
58.28,15533.3
58.29,15550
58.3,15316.7
58.31,15570
58.32,15426.7
58.33,15466.7
58.34,15653.3
58.35,15500
58.36,15080
58.37,15253.3
58.38,14896.7
58.39,15350
58.4,15113.3
58.41,15523.3
58.42,15303.3
58.43,15216.7
58.44,15383.3
58.45,15346.7
58.46,15143.3
58.47,15406.7
58.48,15270
58.49,15403.3
58.5,15423.3
58.51,15773.3
58.52,15603.3
58.53,15666.7
58.54,15753.3
58.55,15363.3
58.56,15293.3
58.57,15666.7
58.58,16030
58.59,15876.7
58.6,15953.3
58.61,16360
58.62,16260
58.63,16306.7
58.64,16516.7
58.65,16506.7
58.66,16273.3
58.67,16690
58.68,16686.7
58.69,16856.7
58.7,16886.7
58.71,17243.3
58.72,17140
58.73,17563.3
58.74,17640
58.75,18173.3
58.76,18523.3
58.77,19380
58.78,20083.3
58.79,20426.7
58.8,21216.7
58.81,22240
58.82,23960
58.83,25503.3
58.84,27053.3
58.85,27840
58.86,30113.3
58.87,33060
58.88,35026.7
58.89,37620
58.9,39793.3
58.91,41166.7
58.92,41246.7
58.93,40786.7
58.94,38953.3
58.95,37590
58.96,34713.3
58.97,32756.7
58.98,30516.7
58.99,29183.3
59,27570
59.01,27330
59.02,26840
59.03,27570
59.04,27890
59.05,28230
59.06,28413.3
59.07,29376.7
59.08,29596.7
59.09,28900
59.1,28373.3
59.11,26950
59.12,25723.3
59.13,24843.3
59.14,23083.3
59.15,22003.3
59.16,20963.3
59.17,20190
59.18,19373.3
59.19,18793.3
59.2,18413.3
59.21,17813.3
59.22,16986.7
59.23,16796.7
59.24,16720
59.25,16433.3
59.26,16573.3
59.27,16516.7
59.28,16520
59.29,16546.7
59.3,16470
59.31,16456.7
59.32,16426.7
59.33,16516.7
59.34,16230
59.35,16360
59.36,15663.3
59.37,15403.3
59.38,15356.7
59.39,15400
59.4,15766.7
59.41,15546.7
59.42,15863.3
59.43,15306.7
59.44,15333.3
59.45,15246.7
59.46,15453.3
59.47,15546.7
59.48,15276.7
59.49,15110
59.5,14933.3
59.51,14730
59.52,15080
59.53,15120
59.54,15243.3
59.55,14946.7
59.56,15363.3
59.57,15460
59.58,14760
59.59,15170
59.6,15060
59.61,15086.7
59.62,14890
59.63,15456.7
59.64,15356.7
59.65,15120
59.66,15170
59.67,14863.3
59.68,15390
59.69,14980
59.7,14990
59.71,15150
59.72,15156.7
59.73,15006.7
59.74,15026.7
59.75,14923.3
59.76,15396.7
59.77,15170
59.78,15176.7
59.79,15203.3
59.8,15523.3
59.81,15593.3
59.82,15383.3
59.83,15143.3
59.84,15110
59.85,15170
59.86,14823.3
59.87,14720
59.88,14530
59.89,15103.3
59.9,15260
59.91,14866.7
59.92,15070
59.93,14886.7
59.94,14893.3
59.95,14916.7
59.96,15113.3
59.97,14456.7
59.98,14566.7
59.99,14340
60,14586.7
60.01,15066.7
60.02,14936.7
60.03,15136.7
60.04,15106.7
60.05,14580
60.06,14896.7
60.07,15026.7
60.08,14806.7
60.09,14866.7
60.1,14693.3
60.11,14806.7
60.12,14943.3
60.13,14803.3
60.14,14860
60.15,14920
60.16,14836.7
60.17,14743.3
60.18,14553.3
60.19,14963.3
60.2,15096.7
60.21,15003.3
60.22,15006.7
60.23,15016.7
60.24,14973.3
60.25,15006.7
60.26,14880
60.27,14943.3
60.28,14910
60.29,14683.3
60.3,14906.7
60.31,14826.7
60.32,14856.7
60.33,14726.7
60.34,14703.3
60.35,14370
60.36,15023.3
60.37,14776.7
60.38,14756.7
60.39,14693.3
60.4,14750
60.41,14543.3
60.42,14756.7
60.43,15200
60.44,14496.7
60.45,14763.3
60.46,14913.3
60.47,14896.7
60.48,14793.3
60.49,14713.3
60.5,14736.7
60.51,14520
60.52,14620
60.53,15103.3
60.54,14970
60.55,14786.7
60.56,14683.3
60.57,14820
60.58,14680
60.59,14843.3
60.6,14920
60.61,14693.3
60.62,14876.7
60.63,15073.3
60.64,14616.7
60.65,15183.3
60.66,15020
60.67,14600
60.68,14753.3
60.69,14713.3
60.7,14743.3
60.71,14773.3
60.72,15110
60.73,14696.7
60.74,14590
60.75,14850
60.76,14586.7
60.77,14910
60.78,14630
60.79,14810
60.8,14813.3
60.81,15046.7
60.82,14590
60.83,14756.7
60.84,14850
60.85,14730
60.86,14813.3
60.87,14953.3
60.88,15120
60.89,14723.3
60.9,14766.7
60.91,14833.3
60.92,14543.3
60.93,15063.3
60.94,14650
60.95,15110
60.96,14776.7
60.97,14486.7
60.98,14770
60.99,14853.3
61,14776.7
61.01,14940
61.02,14923.3
61.03,14473.3
61.04,14670
61.05,14513.3
61.06,14516.7
61.07,14706.7
61.08,14996.7
61.09,14870
61.1,15130
61.11,15063.3
61.12,14990
61.13,15043.3
61.14,14723.3
61.15,14960
61.16,14763.3
61.17,14796.7
61.18,15006.7
61.19,14713.3
61.2,14846.7
61.21,14633.3
61.22,14723.3
61.23,14580
61.24,14613.3
61.25,14766.7
61.26,14773.3
61.27,14760
61.28,14726.7
61.29,14723.3
61.3,14836.7
61.31,14856.7
61.32,14743.3
61.33,14870
61.34,14763.3
61.35,14930
61.36,14976.7
61.37,14776.7
61.38,15093.3
61.39,15146.7
61.4,15256.7
61.41,14783.3
61.42,15010
61.43,15026.7
61.44,14683.3
61.45,14593.3
61.46,15070
61.47,14966.7
61.48,14540
61.49,14766.7
61.5,15220
61.51,14976.7
61.52,14990
61.53,15076.7
61.54,14973.3
61.55,15026.7
61.56,15366.7
61.57,14983.3
61.58,15420
61.59,14910
61.6,15136.7
61.61,15393.3
61.62,15286.7
61.63,15193.3
61.64,15016.7
61.65,15436.7
61.66,15296.7
61.67,15920
61.68,15486.7
61.69,15803.3
61.7,15596.7
61.71,16620
61.72,16420
61.73,17256.7
61.74,17213.3
61.75,17460
61.76,17386.7
61.77,18330
61.78,18666.7
61.79,18870
61.8,19443.3
61.81,19496.7
61.82,19503.3
61.83,20053.3
61.84,19303.3
61.85,18886.7
61.86,18840
61.87,17986.7
61.88,17596.7
61.89,17403.3
61.9,16930
61.91,17326.7
61.92,17046.7
61.93,16903.3
61.94,17043.3
61.95,17456.7
61.96,17190
61.97,17166.7
61.98,17363.3
61.99,17416.7
62,17030
62.01,17226.7
62.02,17013.3
62.03,16763.3
62.04,16443.3
62.05,16246.7
62.06,15603.3
62.07,15580
62.08,15833.3
62.09,15470
62.1,15723.3
62.11,15353.3
62.12,15106.7
62.13,15003.3
62.14,14770
62.15,14760
62.16,14900
62.17,15090
62.18,14993.3
62.19,14873.3
62.2,14723.3
62.21,14736.7
62.22,15220
62.23,14866.7
62.24,14826.7
62.25,15066.7
62.26,14710
62.27,14696.7
62.28,14530
62.29,14990
62.3,14566.7
62.31,14586.7
62.32,14636.7
62.33,14556.7
62.34,14516.7
62.35,14246.7
62.36,14733.3
62.37,14493.3
62.38,14856.7
62.39,14843.3
62.4,14626.7
62.41,14676.7
62.42,14866.7
62.43,14426.7
62.44,14736.7
62.45,15306.7
62.46,14830
62.47,14733.3
62.48,15013.3
62.49,14746.7
62.5,14880
62.51,15160
62.52,14503.3
62.53,14263.3
62.54,14550
62.55,14416.7
62.56,14736.7
62.57,14273.3
62.58,14780
62.59,14600
62.6,14453.3
62.61,14603.3
62.62,14973.3
62.63,14506.7
62.64,14660
62.65,14883.3
62.66,14500
62.67,14390
62.68,14900
62.69,14446.7
62.7,14920
62.71,14616.7
62.72,14503.3
62.73,14456.7
62.74,14456.7
62.75,14863.3
62.76,14423.3
62.77,14720
62.78,14563.3
62.79,15090
62.8,14846.7
62.81,14590
62.82,14556.7
62.83,14420
62.84,14793.3
62.85,14520
62.86,14930
62.87,14773.3
62.88,14796.7
62.89,14706.7
62.9,14793.3
62.91,14686.7
62.92,14990
62.93,14753.3
62.94,14656.7
62.95,14700
62.96,14616.7
62.97,14413.3
62.98,14993.3
62.99,15050
63,14620
63.01,14796.7
63.02,14800
63.03,14476.7
63.04,14823.3
63.05,14246.7
63.06,14346.7
63.07,14656.7
63.08,14713.3
63.09,14756.7
63.1,14910
63.11,14380
63.12,14643.3
63.13,14610
63.14,14510
63.15,14850
63.16,14933.3
63.17,14980
63.18,14703.3
63.19,14973.3
63.2,14996.7
63.21,14980
63.22,14703.3
63.23,14516.7
63.24,14710
63.25,14546.7
63.26,14640
63.27,15073.3
63.28,14836.7
63.29,14810
63.3,14950
63.31,14776.7
63.32,14426.7
63.33,14886.7
63.34,14440
63.35,14796.7
63.36,14506.7
63.37,14703.3
63.38,14533.3
63.39,14666.7
63.4,14566.7
63.41,14676.7
63.42,14920
63.43,14926.7
63.44,14766.7
63.45,14626.7
63.46,14570
63.47,14556.7
63.48,14330
63.49,14430
63.5,14790
63.51,14703.3
63.52,14503.3
63.53,14223.3
63.54,14400
63.55,14396.7
63.56,14446.7
63.57,14263.3
63.58,14556.7
63.59,14470
63.6,14773.3
63.61,14700
63.62,14683.3
63.63,14336.7
63.64,14040
63.65,14466.7
63.66,14246.7
63.67,14793.3
63.68,14343.3
63.69,14656.7
63.7,14493.3
63.71,14380
63.72,14503.3
63.73,14426.7
63.74,15006.7
63.75,14916.7
63.76,14613.3
63.77,14623.3
63.78,14643.3
63.79,14633.3
63.8,14570
63.81,14783.3
63.82,15076.7
63.83,14880
63.84,14686.7
63.85,14673.3
63.86,14486.7
63.87,14450
63.88,14746.7
63.89,14286.7
63.9,14486.7
63.91,14813.3
63.92,14763.3
63.93,14606.7
63.94,14786.7
63.95,14510
63.96,14673.3
63.97,15043.3
63.98,14456.7
63.99,14836.7
64,14210
64.01,14573.3
64.02,14576.7
64.03,14866.7
64.04,14930
64.05,14686.7
64.06,14823.3
64.07,14730
64.08,14930
64.09,14683.3
64.1,14750
64.11,14890
64.12,14476.7
64.13,14656.7
64.14,14616.7
64.15,14486.7
64.16,14720
64.17,14066.7
64.18,14756.7
64.19,14653.3
64.2,14690
64.21,14746.7
64.22,14360
64.23,14550
64.24,14766.7
64.25,14833.3
64.26,14766.7
64.27,14430
64.28,14756.7
64.29,14490
64.3,14473.3
64.31,14523.3
64.32,14580
64.33,14696.7
64.34,14910
64.35,14640
64.36,14563.3
64.37,14263.3
64.38,14803.3
64.39,14436.7
64.4,14850
64.41,14533.3
64.42,14323.3
64.43,14563.3
64.44,14556.7
64.45,14810
64.46,14686.7
64.47,14553.3
64.48,14436.7
64.49,14293.3
64.5,14806.7
64.51,14690
64.52,14820
64.53,14420
64.54,14240
64.55,14380
64.56,14410
64.57,14366.7
64.58,14753.3
64.59,14606.7
64.6,14680
64.61,14436.7
64.62,14573.3
64.63,14566.7
64.64,14726.7
64.65,14330
64.66,15090
64.67,14456.7
64.68,14686.7
64.69,14290
64.7,14666.7
64.71,14493.3
64.72,14593.3
64.73,14060
64.74,14813.3
64.75,14606.7
64.76,14540
64.77,15070
64.78,14986.7
64.79,14833.3
64.8,14766.7
64.81,14380
64.82,14340
64.83,14396.7
64.84,14433.3
64.85,14706.7
64.86,14510
64.87,14560
64.88,14653.3
64.89,14723.3
64.9,14376.7
64.91,14670
64.92,14686.7
64.93,14663.3
64.94,14463.3
64.95,14630
64.96,14673.3
64.97,14673.3
64.98,14706.7
64.99,14420
65,14333.3
65.01,14210
65.02,14350
65.03,14273.3
65.04,14560
65.05,14476.7
65.06,14590
65.07,14746.7
65.08,14230
65.09,14800
65.1,14853.3
65.11,14943.3
65.12,15023.3
65.13,14820
65.14,14716.7
65.15,14300
65.16,14496.7
65.17,14413.3
65.18,14696.7
65.19,14620
65.2,14546.7
65.21,14536.7
65.22,14616.7
65.23,14466.7
65.24,14396.7
65.25,14553.3
65.26,14186.7
65.27,14706.7
65.28,14393.3
65.29,14573.3
65.3,14576.7
65.31,14633.3
65.32,14433.3
65.33,14116.7
65.34,14603.3
65.35,14536.7
65.36,14216.7
65.37,14010
65.38,14453.3
65.39,14526.7
65.4,14223.3
65.41,14486.7
65.42,14460
65.43,14593.3
65.44,14623.3
65.45,14213.3
65.46,14403.3
65.47,14506.7
65.48,14840
65.49,14000
65.5,14476.7
65.51,14540
65.52,14280
65.53,14270
65.54,14543.3
65.55,14300
65.56,14363.3
65.57,14620
65.58,14546.7
65.59,14876.7
65.6,13876.7
65.61,14273.3
65.62,14476.7
65.63,14680
65.64,14636.7
65.65,14823.3
65.66,14410
65.67,14436.7
65.68,14416.7
65.69,14610
65.7,14636.7
65.71,14420
65.72,14753.3
65.73,14463.3
65.74,14166.7
65.75,14670
65.76,14670
65.77,14533.3
65.78,14320
65.79,14683.3
65.8,14473.3
65.81,14750
65.82,14543.3
65.83,14640
65.84,14233.3
65.85,14436.7
65.86,14243.3
65.87,14253.3
65.88,14176.7
65.89,14476.7
65.9,14630
65.91,14423.3
65.92,14230
65.93,14133.3
65.94,14393.3
65.95,14470
65.96,14250
65.97,14560
65.98,14526.7
65.99,14616.7
66,14593.3
66.01,14613.3
66.02,14486.7
66.03,14453.3
66.04,14590
66.05,14766.7
66.06,14506.7
66.07,14336.7
66.08,14180
66.09,14370
66.1,14033.3
66.11,14386.7
66.12,14283.3
66.13,14510
66.14,14660
66.15,14570
66.16,14843.3
66.17,14783.3
66.18,14776.7
66.19,14300
66.2,14620
66.21,14410
66.22,14410
66.23,14443.3
66.24,14566.7
66.25,14650
66.26,14320
66.27,14963.3
66.28,14130
66.29,14416.7
66.3,14170
66.31,14446.7
66.32,14693.3
66.33,14703.3
66.34,14350
66.35,14450
66.36,14496.7
66.37,14526.7
66.38,14556.7
66.39,14173.3
66.4,14533.3
66.41,14170
66.42,14933.3
66.43,14713.3
66.44,14516.7
66.45,14616.7
66.46,14460
66.47,15043.3
66.48,14560
66.49,14766.7
66.5,14480
66.51,14740
66.52,14603.3
66.53,14586.7
66.54,14456.7
66.55,14320
66.56,14480
66.57,14010
66.58,14173.3
66.59,14296.7
66.6,14413.3
66.61,14180
66.62,14566.7
66.63,14643.3
66.64,14210
66.65,14730
66.66,14420
66.67,14470
66.68,14716.7
66.69,14430
66.7,14803.3
66.71,14750
66.72,14810
66.73,14536.7
66.74,14620
66.75,14556.7
66.76,14693.3
66.77,14633.3
66.78,14600
66.79,14733.3
66.8,14220
66.81,14340
66.82,14320
66.83,14453.3
66.84,14813.3
66.85,14783.3
66.86,14756.7
66.87,14550
66.88,14533.3
66.89,14773.3
66.9,14510
66.91,14736.7
66.92,14926.7
66.93,15013.3
66.94,14763.3
66.95,15123.3
66.96,15376.7
66.97,15266.7
66.98,15250
66.99,15360
67,15353.3
67.01,15320
67.02,14973.3
67.03,14870
67.04,14656.7
67.05,14560
67.06,14553.3
67.07,15016.7
67.08,14766.7
67.09,15063.3
67.1,14720
67.11,15063.3
67.12,14976.7
67.13,14833.3
67.14,14966.7
67.15,14840
67.16,15046.7
67.17,14736.7
67.18,14733.3
67.19,14900
67.2,14846.7
67.21,14786.7
67.22,14913.3
67.23,14993.3
67.24,14860
67.25,14893.3
67.26,14236.7
67.27,14870
67.28,14616.7
67.29,14473.3
67.3,14723.3
67.31,14530
67.32,14800
67.33,14340
67.34,14590
67.35,14763.3
67.36,14716.7
67.37,14846.7
67.38,14010
67.39,14550
67.4,14670
67.41,14336.7
67.42,14503.3
67.43,14506.7
67.44,14443.3
67.45,14290
67.46,14433.3
67.47,14323.3
67.48,14560
67.49,14396.7
67.5,14256.7
67.51,14350
67.52,14416.7
67.53,14596.7
67.54,14420
67.55,14360
67.56,14563.3
67.57,14576.7
67.58,14496.7
67.59,14476.7
67.6,14446.7
67.61,14536.7
67.62,14336.7
67.63,13996.7
67.64,14533.3
67.65,14430
67.66,14526.7
67.67,14323.3
67.68,14580
67.69,14666.7
67.7,14410
67.71,14453.3
67.72,14353.3
67.73,14343.3
67.74,14390
67.75,14266.7
67.76,14520
67.77,14403.3
67.78,14053.3
67.79,14420
67.8,14450
67.81,14276.7
67.82,14376.7
67.83,14210
67.84,14376.7
67.85,14600
67.86,14246.7
67.87,14436.7
67.88,14436.7
67.89,14530
67.9,14616.7
67.91,14456.7
67.92,14460
67.93,14760
67.94,14373.3
67.95,14853.3
67.96,14670
67.97,14323.3
67.98,14386.7
67.99,14133.3
68,14646.7
68.01,14523.3
68.02,14623.3
68.03,14543.3
68.04,14503.3
68.05,14783.3
68.06,14533.3
68.07,14693.3
68.08,14570
68.09,14440
68.1,14390
68.11,14433.3
68.12,14526.7
68.13,14643.3
68.14,14516.7
68.15,14163.3
68.16,14533.3
68.17,14493.3
68.18,14383.3
68.19,14603.3
68.2,14280
68.21,14303.3
68.22,14583.3
68.23,14536.7
68.24,14310
68.25,14303.3
68.26,14583.3
68.27,14260
68.28,14580
68.29,14330
68.3,14186.7
68.31,14450
68.32,14466.7
68.33,14633.3
68.34,14666.7
68.35,14336.7
68.36,14680
68.37,14480
68.38,14946.7
68.39,14446.7
68.4,14570
68.41,14246.7
68.42,14190
68.43,14353.3
68.44,14216.7
68.45,14200
68.46,14276.7
68.47,14266.7
68.48,14386.7
68.49,14546.7
68.5,14026.7
68.51,14503.3
68.52,14796.7
68.53,14136.7
68.54,14846.7
68.55,14786.7
68.56,14470
68.57,14460
68.58,14856.7
68.59,14856.7
68.6,14606.7
68.61,14873.3
68.62,14443.3
68.63,14683.3
68.64,14363.3
68.65,14576.7
68.66,14623.3
68.67,14373.3
68.68,14280
68.69,14250
68.7,14453.3
68.71,14496.7
68.72,14633.3
68.73,14736.7
68.74,14546.7
68.75,14370
68.76,14846.7
68.77,14930
68.78,14763.3
68.79,14663.3
68.8,14830
68.81,15120
68.82,15343.3
68.83,15646.7
68.84,16210
68.85,16363.3
68.86,16393.3
68.87,16333.3
68.88,16156.7
68.89,15840
68.9,15983.3
68.91,15773.3
68.92,15426.7
68.93,15380
68.94,15280
68.95,14890
68.96,15230
68.97,14923.3
68.98,14846.7
68.99,14803.3
69,14730
69.01,14790
69.02,14990
69.03,14913.3
69.04,15200
69.05,15556.7
69.06,15623.3
69.07,15246.7
69.08,15203.3
69.09,15176.7
69.1,15363.3
69.11,14953.3
69.12,14940
69.13,14656.7
69.14,14783.3
69.15,14683.3
69.16,14453.3
69.17,14643.3
69.18,14723.3
69.19,14376.7
69.2,14536.7
69.21,14363.3
69.22,14193.3
69.23,14610
69.24,14266.7
69.25,14490
69.26,14270
69.27,14773.3
69.28,14800
69.29,14980
69.3,14406.7
69.31,14440
69.32,14683.3
69.33,13953.3
69.34,14593.3
69.35,14510
69.36,14493.3
69.37,14333.3
69.38,14536.7
69.39,14650
69.4,14260
69.41,14480
69.42,14240
69.43,14993.3
69.44,14520
69.45,14533.3
69.46,14276.7
69.47,14556.7
69.48,14333.3
69.49,14510
69.5,14673.3
69.51,14130
69.52,14370
69.53,14660
69.54,14560
69.55,14770
69.56,14140
69.57,14383.3
69.58,14460
69.59,14776.7
69.6,14263.3
69.61,14416.7
69.62,14166.7
69.63,14266.7
69.64,14673.3
69.65,14503.3
69.66,14386.7
69.67,14486.7
69.68,13876.7
69.69,14486.7
69.7,14216.7
69.71,14046.7
69.72,14226.7
69.73,14220
69.74,14090
69.75,14323.3
69.76,14460
69.77,14560
69.78,14846.7
69.79,14720
69.8,14630
69.81,14433.3
69.82,14653.3
69.83,14383.3
69.84,14250
69.85,14390
69.86,14603.3
69.87,14573.3
69.88,14386.7
69.89,14583.3
69.9,14200
69.91,14646.7
69.92,14126.7
69.93,14476.7
69.94,14240
69.95,14566.7
69.96,14273.3
69.97,14350
69.98,14543.3
69.99,14213.3
70,14476.7
70.01,14573.3
70.02,14443.3
70.03,14183.3
70.04,14506.7
70.05,14310
70.06,14583.3
70.07,14470
70.08,14376.7
70.09,14300
70.1,14313.3
70.11,14386.7
70.12,14330
70.13,14170
70.14,14473.3
70.15,14826.7
70.16,14350
70.17,14680
70.18,14600
70.19,14233.3
70.2,14383.3
70.21,14350
70.22,14136.7
70.23,14486.7
70.24,13980
70.25,14513.3
70.26,14296.7
70.27,14316.7
70.28,14333.3
70.29,14326.7
70.3,14473.3
70.31,14263.3
70.32,14513.3
70.33,14576.7
70.34,14280
70.35,14586.7
70.36,14190
70.37,14663.3
70.38,14290
70.39,14510
70.4,14200
70.41,14390
70.42,13920
70.43,14316.7
70.44,14010
70.45,14510
70.46,14250
70.47,14720
70.48,14783.3
70.49,14403.3
70.5,14280
70.51,14523.3
70.52,14293.3
70.53,14740
70.54,14460
70.55,13843.3
70.56,14193.3
70.57,14163.3
70.58,14163.3
70.59,14390
70.6,14920
70.61,14263.3
70.62,14430
70.63,14366.7
70.64,14176.7
70.65,14443.3
70.66,14546.7
70.67,14280
70.68,14503.3
70.69,14500
70.7,14670
70.71,14660
70.72,14843.3
70.73,15070
70.74,14693.3
70.75,14803.3
70.76,14870
70.77,14833.3
70.78,15006.7
70.79,14703.3
70.8,14546.7
70.81,14813.3
70.82,14506.7
70.83,14556.7
70.84,14763.3
70.85,14713.3
70.86,14596.7
70.87,14810
70.88,14433.3
70.89,14590
70.9,14356.7
70.91,14616.7
70.92,14676.7
70.93,14586.7
70.94,14770
70.95,14563.3
70.96,14413.3
70.97,14710
70.98,14623.3
70.99,14580
71,14250
71.01,14156.7
71.02,14423.3
71.03,14223.3
71.04,14163.3
71.05,14323.3
71.06,14550
71.07,14330
71.08,14060
71.09,14166.7
71.1,14530
71.11,14303.3
71.12,14393.3
71.13,14310
71.14,14426.7
71.15,14163.3
71.16,14486.7
71.17,14413.3
71.18,14726.7
71.19,14280
71.2,14286.7
71.21,14133.3
71.22,14560
71.23,14233.3
71.24,14480
71.25,14593.3
71.26,14260
71.27,14026.7
71.28,14470
71.29,14270
71.3,14670
71.31,14456.7
71.32,14373.3
71.33,14230
71.34,14186.7
71.35,14666.7
71.36,14290
71.37,14606.7
71.38,14316.7
71.39,14543.3
71.4,13980
71.41,14423.3
71.42,14273.3
71.43,14683.3
71.44,14093.3
71.45,14540
71.46,14786.7
71.47,14383.3
71.48,14590
71.49,14383.3
71.5,14253.3
71.51,14566.7
71.52,14780
71.53,14456.7
71.54,14496.7
71.55,14586.7
71.56,14193.3
71.57,14256.7
71.58,14046.7
71.59,14176.7
71.6,14266.7
71.61,14333.3
71.62,14116.7
71.63,13953.3
71.64,14423.3
71.65,14593.3
71.66,14326.7
71.67,14376.7
71.68,14116.7
71.69,14426.7
71.7,14763.3
71.71,14640
71.72,14473.3
71.73,14260
71.74,14180
71.75,14386.7
71.76,14606.7
71.77,14460
71.78,14596.7
71.79,14380
71.8,14250
71.81,14180
71.82,14246.7
71.83,14466.7
71.84,14230
71.85,14323.3
71.86,14423.3
71.87,14433.3
71.88,14526.7
71.89,14226.7
71.9,14530
71.91,14330
71.92,14376.7
71.93,14260
71.94,14093.3
71.95,14266.7
71.96,14143.3
71.97,14183.3
71.98,14513.3
71.99,14413.3
72,14263.3
72.01,14333.3
72.02,14633.3
72.03,14470
72.04,14506.7
72.05,14093.3
72.06,14403.3
72.07,14076.7
72.08,14550
72.09,14520
72.1,14686.7
72.11,14443.3
72.12,14690
72.13,14306.7
72.14,14350
72.15,14266.7
72.16,14323.3
72.17,14300
72.18,14383.3
72.19,14543.3
72.2,14583.3
72.21,14513.3
72.22,14526.7
72.23,14283.3
72.24,14513.3
72.25,14660
72.26,14590
72.27,14726.7
72.28,14583.3
72.29,14750
72.3,14440
72.31,14240
72.32,14453.3
72.33,14426.7
72.34,14310
72.35,14716.7
72.36,14556.7
72.37,14970
72.38,14080
72.39,14333.3
72.4,13896.7
72.41,14696.7
72.42,14580
72.43,14576.7
72.44,14606.7
72.45,14620
72.46,14356.7
72.47,14466.7
72.48,14453.3
72.49,14550
72.5,14753.3
72.51,14393.3
72.52,14883.3
72.53,14343.3
72.54,14923.3
72.55,14750
72.56,14646.7
72.57,14873.3
72.58,14856.7
72.59,14773.3
72.6,15136.7
72.61,14713.3
72.62,14930
72.63,14910
72.64,15323.3
72.65,15393.3
72.66,15723.3
72.67,15746.7
72.68,15580
72.69,16093.3
72.7,16480
72.71,16400
72.72,17190
72.73,16870
72.74,17396.7
72.75,17586.7
72.76,17360
72.77,17393.3
72.78,17490
72.79,17140
72.8,16643.3
72.81,16720
72.82,16450
72.83,16080
72.84,15736.7
72.85,16343.3
72.86,15410
72.87,15716.7
72.88,15836.7
72.89,15660
72.9,15386.7
72.91,15586.7
72.92,15696.7
72.93,16006.7
72.94,15556.7
72.95,15846.7
72.96,16256.7
72.97,15960
72.98,15906.7
72.99,16170
73,15760
73.01,15750
73.02,15773.3
73.03,15110
73.04,14933.3
73.05,14706.7
73.06,14740
73.07,14443.3
73.08,14753.3
73.09,14593.3
73.1,14253.3
73.11,14863.3
73.12,14566.7
73.13,14610
73.14,14960
73.15,14323.3
73.16,14473.3
73.17,14290
73.18,14553.3
73.19,14150
73.2,14010
73.21,14636.7
73.22,14243.3
73.23,14320
73.24,14473.3
73.25,14153.3
73.26,13986.7
73.27,14413.3
73.28,14483.3
73.29,14550
73.3,14670
73.31,14633.3
73.32,14713.3
73.33,14180
73.34,14756.7
73.35,14206.7
73.36,14153.3
73.37,14616.7
73.38,14436.7
73.39,13886.7
73.4,14763.3
73.41,14246.7
73.42,14600
73.43,14400
73.44,14573.3
73.45,14720
73.46,14813.3
73.47,14223.3
73.48,14606.7
73.49,14470
73.5,14196.7
73.51,14600
73.52,14266.7
73.53,14626.7
73.54,14076.7
73.55,14413.3
73.56,14543.3
73.57,14073.3
73.58,14233.3
73.59,14263.3
73.6,14316.7
73.61,14230
73.62,14676.7
73.63,14343.3
73.64,14456.7
73.65,14433.3
73.66,14470
73.67,14606.7
73.68,14440
73.69,14720
73.7,14443.3
73.71,14663.3
73.72,14500
73.73,14560
73.74,14700
73.75,14570
73.76,14260
73.77,14226.7
73.78,14303.3
73.79,14373.3
73.8,14363.3
73.81,14443.3
73.82,14473.3
73.83,14180
73.84,14306.7
73.85,14326.7
73.86,14250
73.87,14350
73.88,14630
73.89,14440
73.9,14613.3
73.91,14320
73.92,14583.3
73.93,14443.3
73.94,13896.7
73.95,14176.7
73.96,14636.7
73.97,14353.3
73.98,14413.3
73.99,14063.3
74,14406.7
74.01,14140
74.02,13896.7
74.03,14396.7
74.04,14483.3
74.05,13933.3
74.06,14320
74.07,14156.7
74.08,14336.7
74.09,14496.7
74.1,14456.7
74.11,14510
74.12,14050
74.13,14303.3
74.14,14396.7
74.15,14406.7
74.16,14710
74.17,14073.3
74.18,14533.3
74.19,14266.7
74.2,14756.7
74.21,14436.7
74.22,14143.3
74.23,14166.7
74.24,14460
74.25,14500
74.26,14170
74.27,14373.3
74.28,14543.3
74.29,14096.7
74.3,14390
74.31,14180
74.32,13973.3
74.33,14353.3
74.34,14123.3
74.35,14513.3
74.36,14173.3
74.37,13776.7
74.38,14256.7
74.39,14283.3
74.4,14373.3
74.41,14623.3
74.42,14183.3
74.43,14616.7
74.44,13770
74.45,14396.7
74.46,14026.7
74.47,14346.7
74.48,14130
74.49,14410
74.5,14200
74.51,14476.7
74.52,14493.3
74.53,14670
74.54,14226.7
74.55,14500
74.56,14503.3
74.57,14413.3
74.58,14313.3
74.59,14320
74.6,14293.3
74.61,14073.3
74.62,14390
74.63,14273.3
74.64,14376.7
74.65,14150
74.66,14100
74.67,14470
74.68,14063.3
74.69,14026.7
74.7,14456.7
74.71,14293.3
74.72,14526.7
74.73,14220
74.74,14053.3
74.75,14106.7
74.76,14320
74.77,14043.3
74.78,14233.3
74.79,14320
74.8,14076.7
74.81,14593.3
74.82,14260
74.83,14703.3
74.84,14363.3
74.85,14253.3
74.86,14096.7
74.87,14273.3
74.88,14263.3
74.89,14500
74.9,14360
74.91,14463.3
74.92,14370
74.93,14233.3
74.94,14173.3
74.95,14126.7
74.96,14310
74.97,13923.3
74.98,14383.3
74.99,14193.3
75,14083.3
75.01,14306.7
75.02,13833.3
75.03,13923.3
75.04,14106.7
75.05,14386.7
75.06,14166.7
75.07,14456.7
75.08,14016.7
75.09,14313.3
75.1,14093.3
75.11,14333.3
75.12,14243.3
75.13,13970
75.14,14456.7
75.15,14346.7
75.16,14783.3
75.17,14430
75.18,14593.3
75.19,14243.3
75.2,14576.7
75.21,14316.7
75.22,13923.3
75.23,14100
75.24,14210
75.25,14243.3
75.26,14500
75.27,14230
75.28,14173.3
75.29,14323.3
75.3,14366.7
75.31,14670
75.32,14496.7
75.33,14216.7
75.34,13903.3
75.35,14180
75.36,14480
75.37,14440
75.38,14173.3
75.39,14066.7
75.4,14530
75.41,14460
75.42,14203.3
75.43,14110
75.44,14386.7
75.45,14103.3
75.46,14233.3
75.47,14296.7
75.48,14006.7
75.49,14026.7
75.5,14423.3
75.51,14360
75.52,14606.7
75.53,14503.3
75.54,14486.7
75.55,14376.7
75.56,14356.7
75.57,14520
75.58,14306.7
75.59,14560
75.6,14210
75.61,14203.3
75.62,14130
75.63,14070
75.64,14136.7
75.65,14356.7
75.66,14250
75.67,14290
75.68,14506.7
75.69,14343.3
75.7,14096.7
75.71,14456.7
75.72,14430
75.73,14516.7
75.74,14296.7
75.75,14410
75.76,14503.3
75.77,14243.3
75.78,14183.3
75.79,14380
75.8,13953.3
75.81,13876.7
75.82,14030
75.83,14143.3
75.84,14436.7
75.85,14053.3
75.86,14473.3
75.87,14310
75.88,14053.3
75.89,14160
75.9,14330
75.91,14273.3
75.92,14490
75.93,14176.7
75.94,14190
75.95,14033.3
75.96,13933.3
75.97,14036.7
75.98,14053.3
75.99,14636.7
76,14303.3
76.01,14166.7
76.02,14103.3
76.03,13973.3
76.04,14390
76.05,13956.7
76.06,13953.3
76.07,14410
76.08,14193.3
76.09,14583.3
76.1,14010
76.11,14163.3
76.12,14283.3
76.13,14450
76.14,13826.7
76.15,14166.7
76.16,14440
76.17,14213.3
76.18,14060
76.19,13640
76.2,14276.7
76.21,14106.7
76.22,14320
76.23,13756.7
76.24,13803.3
76.25,14233.3
76.26,13853.3
76.27,14113.3
76.28,14060
76.29,13990
76.3,13943.3
76.31,14260
76.32,14193.3
76.33,14476.7
76.34,14046.7
76.35,14200
76.36,14026.7
76.37,14036.7
76.38,13996.7
76.39,14260
76.4,14140
76.41,14253.3
76.42,14136.7
76.43,13983.3
76.44,14213.3
76.45,14103.3
76.46,14540
76.47,14193.3
76.48,14563.3
76.49,14230
76.5,14536.7
76.51,14496.7
76.52,14230
76.53,14353.3
76.54,14490
76.55,13963.3
76.56,14046.7
76.57,14100
76.58,14336.7
76.59,14660
76.6,14353.3
76.61,14010
76.62,14166.7
76.63,14023.3
76.64,14443.3
76.65,14176.7
76.66,13773.3
76.67,14093.3
76.68,14396.7
76.69,13976.7
76.7,14256.7
76.71,14290
76.72,14216.7
76.73,13943.3
76.74,14306.7
76.75,14083.3
76.76,14386.7
76.77,14166.7
76.78,14256.7
76.79,14050
76.8,14173.3
76.81,14110
76.82,14166.7
76.83,14136.7
76.84,14026.7
76.85,14250
76.86,14016.7
76.87,14286.7
76.88,14280
76.89,14046.7
76.9,14146.7
76.91,14473.3
76.92,14403.3
76.93,14596.7
76.94,14563.3
76.95,14540
76.96,14416.7
76.97,14160
76.98,14033.3
76.99,13833.3
77,13960
77.01,14213.3
77.02,14456.7
77.03,14490
77.04,14230
77.05,14396.7
77.06,13940
77.07,14396.7
77.08,14290
77.09,14350
77.1,14320
77.11,14300
77.12,13900
77.13,14006.7
77.14,14253.3
77.15,14546.7
77.16,14290
77.17,13953.3
77.18,14130
77.19,14246.7
77.2,14366.7
77.21,14266.7
77.22,14480
77.23,14376.7
77.24,14343.3
77.25,14420
77.26,14393.3
77.27,14383.3
77.28,14400
77.29,14173.3
77.3,14356.7
77.31,14176.7
77.32,14070
77.33,14083.3
77.34,14243.3
77.35,14063.3
77.36,14450
77.37,14106.7
77.38,14126.7
77.39,14160
77.4,14156.7
77.41,14063.3
77.42,14023.3
77.43,14030
77.44,13800
77.45,14090
77.46,14270
77.47,14263.3
77.48,14320
77.49,14430
77.5,14086.7
77.51,14230
77.52,14076.7
77.53,13966.7
77.54,14143.3
77.55,14186.7
77.56,14170
77.57,14400
77.58,14103.3
77.59,14336.7
77.6,14406.7
77.61,14096.7
77.62,14253.3
77.63,14493.3
77.64,14300
77.65,14313.3
77.66,14236.7
77.67,14360
77.68,14376.7
77.69,14073.3
77.7,14136.7
77.71,14490
77.72,14150
77.73,13686.7
77.74,14233.3
77.75,14303.3
77.76,13926.7
77.77,14243.3
77.78,14373.3
77.79,14190
77.8,14166.7
77.81,14320
77.82,14130
77.83,14033.3
77.84,13866.7
77.85,14090
77.86,13863.3
77.87,14433.3
77.88,14246.7
77.89,14220
77.9,14183.3
77.91,14283.3
77.92,14103.3
77.93,14420
77.94,14463.3
77.95,14566.7
77.96,14230
77.97,14733.3
77.98,14143.3
77.99,14460
78,14173.3
78.01,14310
78.02,14240
78.03,14223.3
78.04,14150
78.05,14313.3
78.06,14350
78.07,14806.7
78.08,14753.3
78.09,13866.7
78.1,14113.3
78.11,14390
78.12,13976.7
78.13,14110
78.14,14273.3
78.15,14223.3
78.16,13910
78.17,14216.7
78.18,14280
78.19,14250
78.2,14350
78.21,14203.3
78.22,14360
78.23,14510
78.24,14306.7
78.25,13910
78.26,14330
78.27,13933.3
78.28,14186.7
78.29,14426.7
78.3,14023.3
78.31,14776.7
78.32,14226.7
78.33,14336.7
78.34,14396.7
78.35,14080
78.36,13963.3
78.37,14160
78.38,14610
78.39,14190
78.4,14623.3
78.41,14560
78.42,14446.7
78.43,14226.7
78.44,14273.3
78.45,14110
78.46,13866.7
78.47,14366.7
78.48,14266.7
78.49,14270
78.5,14060
78.51,14393.3
78.52,14003.3
78.53,14230
78.54,14240
78.55,14306.7
78.56,14096.7
78.57,14146.7
78.58,14116.7
78.59,14043.3
78.6,13966.7
78.61,14346.7
78.62,14376.7
78.63,14340
78.64,14263.3
78.65,14446.7
78.66,14456.7
78.67,14050
78.68,14266.7
78.69,14170
78.7,14083.3
78.71,14083.3
78.72,14163.3
78.73,13923.3
78.74,14190
78.75,14276.7
78.76,14460
78.77,14496.7
78.78,14616.7
78.79,14250
78.8,14360
78.81,14303.3
78.82,14090
78.83,14056.7
78.84,14236.7
78.85,13986.7
78.86,14160
78.87,14090
78.88,14386.7
78.89,14146.7
78.9,14490
78.91,14016.7
78.92,14000
78.93,14160
78.94,14303.3
78.95,13900
78.96,14300
78.97,14320
78.98,14020
78.99,14020
79,14570
79.01,14063.3
79.02,14470
79.03,13966.7
79.04,14530
79.05,14353.3
79.06,14226.7
79.07,14053.3
79.08,14296.7
79.09,14086.7
79.1,13853.3
79.11,14296.7
79.12,14243.3
79.13,14266.7
79.14,14046.7
79.15,14426.7
79.16,14083.3
79.17,13970
79.18,14240
79.19,13803.3
79.2,14160
79.21,14216.7
79.22,14456.7
79.23,14500
79.24,14146.7
79.25,14303.3
79.26,14376.7
79.27,13840
79.28,14453.3
79.29,14130
79.3,14400
79.31,14586.7
79.32,14430
79.33,13636.7
79.34,14173.3
79.35,14330
79.36,13996.7
79.37,14283.3
79.38,14486.7
79.39,13913.3
79.4,14173.3
79.41,14203.3
79.42,14193.3
79.43,14133.3
79.44,14370
79.45,13946.7
79.46,14280
79.47,13996.7
79.48,14330
79.49,13930
79.5,14386.7
79.51,14363.3
79.52,14360
79.53,14383.3
79.54,14356.7
79.55,14016.7
79.56,14350
79.57,14260
79.58,14093.3
79.59,14190
79.6,14300
79.61,14093.3
79.62,14233.3
79.63,14096.7
79.64,14056.7
79.65,13966.7
79.66,14096.7
79.67,14643.3
79.68,14323.3
79.69,14166.7
79.7,14483.3
79.71,14353.3
79.72,14426.7
79.73,14543.3
79.74,14413.3
79.75,14406.7
79.76,14563.3
79.77,14256.7
79.78,14423.3
79.79,14466.7
79.8,14160
79.81,14430
79.82,14316.7
79.83,14406.7
79.84,14166.7
79.85,14320
79.86,14433.3
79.87,14123.3
79.88,14080
79.89,14196.7
79.9,14190
79.91,14283.3
79.92,14376.7
79.93,14700
79.94,14356.7
79.95,14203.3
79.96,14390
79.97,14220
79.98,14120
79.99,14386.7
80,14296.7

